2025-11-25T10:16:12+01:00 REQUEST:
{"mode":"think","self":{"field":[[0,0,0,0,0,0],[0,0,0,0,0,0],[0,0,0,0,0,0],[0,0,0,0,0,0],[0,0,0,0,0,0],[0,0,0,0,0,0],[0,0,0,0,0,0],[0,0,0,0,0,0],[0,0,0,0,0,0],[0,0,2,0,0,0],[0,0,2,0,0,0],[0,0,4,0,0,0],[0,0,2,0,0,0]],"queue":[[2,2],[4,1]]},"options":{"mode":"build"}}

2025-11-25T10:16:20+01:00 REQUEST:
{"mode":"think","self":{"field":[[0,0,0,0,0,0],[0,0,0,0,0,0],[0,0,0,0,0,0],[0,0,0,0,0,0],[0,0,0,0,0,0],[0,0,0,0,0,0],[0,0,0,0,0,0],[0,0,3,0,0,0],[0,0,4,0,0,0],[0,0,2,0,0,0],[0,0,2,0,0,0],[0,0,4,0,0,0],[-1,0,2,-1,-1,0]],"queue":[[4,1],[2,3]]},"options":{"mode":"build"}}

2025-11-25T10:16:21+01:00 REQUEST:
{"mode":"think","self":{"field":[[0,0,0,0,0,0],[0,0,0,0,0,0],[0,0,0,0,0,0],[0,0,0,0,0,0],[0,0,0,0,0,0],[0,0,0,0,0,0],[0,0,0,0,0,0],[0,0,3,0,0,0],[0,0,4,0,0,0],[0,0,2,0,0,0],[0,0,2,0,0,0],[0,0,4,0,0,0],[-1,0,2,-1,-1,0]],"queue":[[4,1],[2,3]]},"options":{"mode":"build"}}

2025-11-25T10:16:22+01:00 REQUEST:
{"mode":"think","self":{"field":[[0,0,0,0,0,0],[0,0,0,0,0,0],[0,0,0,0,0,0],[0,0,0,0,0,0],[0,0,0,0,0,0],[0,0,0,0,0,0],[0,0,0,0,0,0],[0,0,3,0,0,0],[0,0,4,0,0,0],[0,0,2,0,0,0],[0,0,2,0,0,0],[0,0,4,0,0,0],[-1,0,2,-1,-1,0]],"queue":[[4,1],[2,3]]},"options":{"mode":"build"}}

2025-11-25T10:16:45+01:00 REQUEST:
{}

2025-11-25T10:17:00+01:00 REQUEST:
{}

2025-11-25T10:19:47+01:00 REQUEST:
{"mode":"think","self":{"field":[[0,0,0,0,0,0],[0,0,0,0,0,0],[0,0,0,0,0,0],[0,0,0,0,0,0],[0,0,0,0,0,0],[0,0,0,0,0,0],[0,0,0,0,0,0],[0,0,3,0,0,0],[0,0,4,0,0,0],[0,0,2,0,0,0],[0,0,2,0,0,0],[0,0,4,0,0,0],[-1,0,2,-1,-1,0]],"queue":[[4,1],[2,3]]},"options":{"mode":"build"}}

2025-11-25T10:19:51+01:00 REQUEST:
{"mode":"think","self":{"field":[[0,0,0,0,0,0],[0,0,0,0,0,0],[0,0,0,0,0,0],[0,0,0,0,0,0],[0,0,0,0,0,0],[0,0,2,0,0,0],[0,0,2,0,0,0],[0,0,3,0,0,0],[0,0,4,0,0,0],[0,0,2,0,0,0],[0,0,2,0,0,0],[0,0,4,0,0,0],[-1,0,2,-1,-1,0]],"queue":[[2,3],[2,1]]},"options":{"mode":"build"}}

2025-11-25T10:19:59+01:00 REQUEST:
{"mode":"think","self":{"field":[[0,0,0,0,0,0],[0,0,0,0,0,0],[0,0,0,0,0,0],[0,0,0,0,0,0],[0,0,0,0,0,0],[0,0,2,0,0,0],[0,0,2,0,0,0],[0,0,3,0,0,0],[0,0,4,0,0,0],[0,0,2,0,0,0],[0,0,2,0,0,0],[0,0,4,0,0,0],[-1,0,2,-1,-1,0]],"queue":[[2,3],[2,1]]},"options":{"mode":"build"}}

2025-11-25T10:22:59+01:00 REQUEST:
{"mode":"think","self":{"field":[[0,0,0,0,0,0],[0,0,0,0,0,0],[0,0,0,0,0,0],[0,0,0,0,0,0],[0,0,0,0,0,0],[0,0,0,0,0,0],[0,0,0,0,0,0],[0,0,0,0,0,0],[0,0,0,0,0,0],[0,0,0,0,0,0],[0,0,0,0,0,0],[0,0,0,0,0,0],[0,0,0,0,0,0]],"queue":[[2,2],[4,1]]},"options":{"mode":"build"}}

2025-11-25T10:54:50+01:00 REQUEST:
{"mode":"think","self":{"field":[[0,0,0,0,0,0],[0,0,0,0,0,0],[0,0,0,0,0,0],[0,0,0,0,0,0],[0,0,0,0,0,0],[0,0,0,0,0,0],[0,0,0,0,0,0],[0,0,0,0,0,0],[0,0,0,0,0,0],[0,0,0,0,0,0],[0,0,0,0,0,0],[0,0,0,0,0,0],[0,0,0,0,0,0]],"queue":[[1,3],[1,4]]},"options":{"mode":"build"}}

2025-11-25T10:54:54+01:00 REQUEST:
{"mode":"think","self":{"field":[[0,0,0,0,0,0],[0,0,0,0,0,0],[0,0,0,0,0,0],[0,0,0,0,0,0],[0,0,0,0,0,0],[0,0,0,0,0,0],[0,0,0,0,0,0],[0,0,0,0,0,0],[0,0,0,0,0,0],[0,0,0,0,0,0],[0,0,0,0,0,0],[0,0,3,0,0,0],[0,0,1,0,0,0]],"queue":[[1,4],[3,1]]},"options":{"mode":"build"}}

2025-11-25T10:54:54+01:00 REQUEST:
{"mode":"think","self":{"field":[[0,0,0,0,0,0],[0,0,0,0,0,0],[0,0,0,0,0,0],[0,0,0,0,0,0],[0,0,0,0,0,0],[0,0,0,0,0,0],[0,0,0,0,0,0],[0,0,0,0,0,0],[0,0,0,0,0,0],[0,0,4,0,0,0],[0,0,1,0,0,0],[0,0,3,0,0,0],[0,0,1,0,0,0]],"queue":[[3,1],[3,2]]},"options":{"mode":"build"}}

2025-11-25T10:54:54+01:00 REQUEST:
{"mode":"think","self":{"field":[[0,0,0,0,0,0],[0,0,0,0,0,0],[0,0,0,0,0,0],[0,0,0,0,0,0],[0,0,0,0,0,0],[0,0,0,0,0,0],[0,0,0,0,0,0],[0,0,1,0,0,0],[0,0,3,0,0,0],[0,0,4,0,0,0],[0,0,1,0,0,0],[0,0,3,0,0,0],[0,0,1,0,0,0]],"queue":[[3,2],[4,4]]},"options":{"mode":"build"}}

2025-11-25T10:54:55+01:00 REQUEST:
{"mode":"think","self":{"field":[[0,0,0,0,0,0],[0,0,0,0,0,0],[0,0,0,0,0,0],[0,0,0,0,0,0],[0,0,0,0,0,0],[0,0,2,0,0,0],[0,0,3,0,0,0],[0,0,1,0,0,0],[0,0,3,0,0,0],[0,0,4,0,0,0],[0,0,1,0,0,0],[0,0,3,0,0,0],[0,0,1,0,0,0]],"queue":[[4,4],[4,1]]},"options":{"mode":"build"}}

2025-11-25T10:54:55+01:00 REQUEST:
{"mode":"think","self":{"field":[[0,0,0,0,0,0],[0,0,0,0,0,0],[0,0,0,0,0,0],[0,0,4,0,0,0],[0,0,4,0,0,0],[0,0,2,0,0,0],[0,0,3,0,0,0],[0,0,1,0,0,0],[0,0,3,0,0,0],[0,0,4,0,0,0],[0,0,1,0,0,0],[0,0,3,0,0,0],[0,0,1,0,0,0]],"queue":[[4,1],[3,3]]},"options":{"mode":"build"}}

2025-11-25T10:54:55+01:00 REQUEST:
{"mode":"think","self":{"field":[[0,0,0,0,0,0],[0,0,1,0,0,0],[0,0,4,0,0,0],[0,0,4,0,0,0],[0,0,4,0,0,0],[0,0,2,0,0,0],[0,0,3,0,0,0],[0,0,1,0,0,0],[0,0,3,0,0,0],[0,0,4,0,0,0],[0,0,1,0,0,0],[0,0,3,0,0,0],[0,0,1,0,0,0]],"queue":[[4,1],[3,3]]},"options":{"mode":"build"}}

2025-11-25T10:56:28+01:00 REQUEST:
{"mode":"think","self":{"field":[[0,0,0,0,0,0],[0,0,0,0,0,0],[0,0,0,0,0,0],[0,0,0,0,0,0],[0,0,0,0,0,0],[0,0,0,0,0,0],[0,0,0,0,0,0],[0,0,0,0,0,0],[0,0,0,0,0,0],[0,0,0,0,0,0],[0,0,0,0,0,0],[0,0,1,0,0,0],[0,0,1,0,0,0]],"queue":[[3,4],[3,2]]},"options":{"mode":"build"}}

2025-11-25T10:56:29+01:00 REQUEST:
{"mode":"think","self":{"field":[[0,0,0,0,0,0],[0,0,0,0,0,0],[0,0,0,0,0,0],[0,0,0,0,0,0],[0,0,0,0,0,0],[0,0,0,0,0,0],[0,0,0,0,0,0],[0,0,0,0,0,0],[0,0,0,0,0,0],[0,0,4,0,0,0],[0,0,3,0,0,0],[0,0,1,0,0,0],[0,0,1,0,0,0]],"queue":[[3,2],[3,1]]},"options":{"mode":"build"}}

2025-11-25T10:56:30+01:00 REQUEST:
{"mode":"think","self":{"field":[[0,0,0,0,0,0],[0,0,0,0,0,0],[0,0,0,0,0,0],[0,0,0,0,0,0],[0,0,0,0,0,0],[0,0,0,0,0,0],[0,0,0,0,0,0],[0,0,2,0,0,0],[0,0,3,0,0,0],[0,0,4,0,0,0],[0,0,3,0,0,0],[0,0,1,0,0,0],[0,0,1,0,0,0]],"queue":[[3,1],[1,2]]},"options":{"mode":"build"}}

2025-11-25T10:56:30+01:00 REQUEST:
{"mode":"think","self":{"field":[[0,0,0,0,0,0],[0,0,0,0,0,0],[0,0,0,0,0,0],[0,0,0,0,0,0],[0,0,0,0,0,0],[0,0,1,0,0,0],[0,0,3,0,0,0],[0,0,2,0,0,0],[0,0,3,0,0,0],[0,0,4,0,0,0],[0,0,3,0,0,0],[0,0,1,0,0,0],[0,0,1,0,0,0]],"queue":[[1,2],[2,2]]},"options":{"mode":"build"}}

2025-11-25T10:56:31+01:00 REQUEST:
{"mode":"think","self":{"field":[[0,0,0,0,0,0],[0,0,0,0,0,0],[0,0,0,0,0,0],[0,0,2,0,0,0],[0,0,1,0,0,0],[0,0,1,0,0,0],[0,0,3,0,0,0],[0,0,2,0,0,0],[0,0,3,0,0,0],[0,0,4,0,0,0],[0,0,3,0,0,0],[0,0,1,0,0,0],[0,0,1,0,0,0]],"queue":[[2,2],[2,1]]},"options":{"mode":"build"}}

2025-11-25T10:56:31+01:00 REQUEST:
{"mode":"think","self":{"field":[[0,0,0,0,0,0],[0,0,2,0,0,0],[0,0,2,0,0,0],[0,0,2,0,0,0],[0,0,1,0,0,0],[0,0,1,0,0,0],[0,0,3,0,0,0],[0,0,2,0,0,0],[0,0,3,0,0,0],[0,0,4,0,0,0],[0,0,3,0,0,0],[0,0,1,0,0,0],[0,0,1,0,0,0]],"queue":[[2,2],[2,1]]},"options":{"mode":"build"}}

2025-11-25T10:56:31+01:00 REQUEST:
{"mode":"think","self":{"field":[[0,0,0,0,0,0],[0,0,2,0,0,0],[0,0,2,0,0,0],[0,0,2,0,0,0],[0,0,1,0,0,0],[0,0,1,0,0,0],[0,0,3,0,0,0],[0,0,2,0,0,0],[0,0,3,0,0,0],[0,0,4,0,0,0],[0,0,3,0,0,0],[0,0,1,0,0,0],[0,0,1,0,0,0]],"queue":[[2,2],[2,1]]},"options":{"mode":"build"}}

2025-11-25T10:56:32+01:00 REQUEST:
{"mode":"think","self":{"field":[[0,0,0,0,0,0],[0,0,2,0,0,0],[0,0,2,0,0,0],[0,0,2,0,0,0],[0,0,1,0,0,0],[0,0,1,0,0,0],[0,0,3,0,0,0],[0,0,2,0,0,0],[0,0,3,0,0,0],[0,0,4,0,0,0],[0,0,3,0,0,0],[0,0,1,0,0,0],[0,0,1,0,0,0]],"queue":[[2,2],[2,1]]},"options":{"mode":"build"}}

2025-11-25T10:56:32+01:00 REQUEST:
{"mode":"think","self":{"field":[[0,0,0,0,0,0],[0,0,2,0,0,0],[0,0,2,0,0,0],[0,0,2,0,0,0],[0,0,1,0,0,0],[0,0,1,0,0,0],[0,0,3,0,0,0],[0,0,2,0,0,0],[0,0,3,0,0,0],[0,0,4,0,0,0],[0,0,3,0,0,0],[0,0,1,0,0,0],[0,0,1,0,0,0]],"queue":[[2,2],[2,1]]},"options":{"mode":"build"}}

2025-11-25T10:56:32+01:00 REQUEST:
{"mode":"think","self":{"field":[[0,0,0,0,0,0],[0,0,2,0,0,0],[0,0,2,0,0,0],[0,0,2,0,0,0],[0,0,1,0,0,0],[0,0,1,0,0,0],[0,0,3,0,0,0],[0,0,2,0,0,0],[0,0,3,0,0,0],[0,0,4,0,0,0],[0,0,3,0,0,0],[0,0,1,0,0,0],[0,0,1,0,0,0]],"queue":[[2,2],[2,1]]},"options":{"mode":"build"}}

2025-11-25T10:56:32+01:00 REQUEST:
{"mode":"think","self":{"field":[[0,0,0,0,0,0],[0,0,2,0,0,0],[0,0,2,0,0,0],[0,0,2,0,0,0],[0,0,1,0,0,0],[0,0,1,0,0,0],[0,0,3,0,0,0],[0,0,2,0,0,0],[0,0,3,0,0,0],[0,0,4,0,0,0],[0,0,3,0,0,0],[0,0,1,0,0,0],[0,0,1,0,0,0]],"queue":[[2,2],[2,1]]},"options":{"mode":"build"}}

2025-11-25T10:56:32+01:00 REQUEST:
{"mode":"think","self":{"field":[[0,0,0,0,0,0],[0,0,2,0,0,0],[0,0,2,0,0,0],[0,0,2,0,0,0],[0,0,1,0,0,0],[0,0,1,0,0,0],[0,0,3,0,0,0],[0,0,2,0,0,0],[0,0,3,0,0,0],[0,0,4,0,0,0],[0,0,3,0,0,0],[0,0,1,0,0,0],[0,0,1,0,0,0]],"queue":[[2,2],[2,1]]},"options":{"mode":"build"}}

2025-11-25T10:56:32+01:00 REQUEST:
{"mode":"think","self":{"field":[[0,0,0,0,0,0],[0,0,2,0,0,0],[0,0,2,0,0,0],[0,0,2,0,0,0],[0,0,1,0,0,0],[0,0,1,0,0,0],[0,0,3,0,0,0],[0,0,2,0,0,0],[0,0,3,0,0,0],[0,0,4,0,0,0],[0,0,3,0,0,0],[0,0,1,0,0,0],[0,0,1,0,0,0]],"queue":[[2,2],[2,1]]},"options":{"mode":"build"}}

2025-11-25T10:56:33+01:00 REQUEST:
{"mode":"think","self":{"field":[[0,0,0,0,0,0],[0,0,2,0,0,0],[0,0,2,0,0,0],[0,0,2,0,0,0],[0,0,1,0,0,0],[0,0,1,0,0,0],[0,0,3,0,0,0],[0,0,2,0,0,0],[0,0,3,0,0,0],[0,0,4,0,0,0],[0,0,3,0,0,0],[0,0,1,0,0,0],[0,0,1,0,0,0]],"queue":[[2,2],[2,1]]},"options":{"mode":"build"}}

2025-11-25T10:56:33+01:00 REQUEST:
{"mode":"think","self":{"field":[[0,0,0,0,0,0],[0,0,2,0,0,0],[0,0,2,0,0,0],[0,0,2,0,0,0],[0,0,1,0,0,0],[0,0,1,0,0,0],[0,0,3,0,0,0],[0,0,2,0,0,0],[0,0,3,0,0,0],[0,0,4,0,0,0],[0,0,3,0,0,0],[0,0,1,0,0,0],[0,0,1,0,0,0]],"queue":[[2,2],[2,1]]},"options":{"mode":"build"}}

2025-11-25T10:56:35+01:00 REQUEST:
{"mode":"think","self":{"field":[[0,0,0,0,0,0],[0,0,0,0,0,0],[0,0,0,0,0,0],[0,0,0,0,0,0],[0,0,0,0,0,0],[0,0,0,0,0,0],[0,0,0,0,0,0],[0,0,0,0,0,0],[0,0,0,0,0,0],[0,0,0,0,0,0],[0,0,0,0,0,0],[0,0,0,0,0,0],[0,0,0,0,0,0]],"queue":[[3,4],[3,2]]},"options":{"mode":"build"}}

2025-11-25T10:56:37+01:00 REQUEST:
{"mode":"think","self":{"field":[[0,0,0,0,0,0],[0,0,0,0,0,0],[0,0,0,0,0,0],[0,0,0,0,0,0],[0,0,0,0,0,0],[0,0,0,0,0,0],[0,0,0,0,0,0],[0,0,0,0,0,0],[0,0,0,0,0,0],[0,0,0,0,0,0],[0,0,0,0,0,0],[0,0,4,0,0,0],[0,0,3,0,0,0]],"queue":[[3,2],[1,2]]},"options":{"mode":"build"}}

2025-11-25T10:56:37+01:00 REQUEST:
{"mode":"think","self":{"field":[[0,0,0,0,0,0],[0,0,0,0,0,0],[0,0,0,0,0,0],[0,0,0,0,0,0],[0,0,0,0,0,0],[0,0,0,0,0,0],[0,0,0,0,0,0],[0,0,0,0,0,0],[0,0,0,0,0,0],[0,0,2,0,0,0],[0,0,3,0,0,0],[0,0,4,0,0,0],[0,0,3,0,0,0]],"queue":[[1,2],[1,1]]},"options":{"mode":"build"}}

2025-11-25T10:56:38+01:00 REQUEST:
{"mode":"think","self":{"field":[[0,0,0,0,0,0],[0,0,0,0,0,0],[0,0,0,0,0,0],[0,0,0,0,0,0],[0,0,0,0,0,0],[0,0,0,0,0,0],[0,0,0,0,0,0],[0,0,2,0,0,0],[0,0,1,0,0,0],[0,0,2,0,0,0],[0,0,3,0,0,0],[0,0,4,0,0,0],[0,0,3,0,0,0]],"queue":[[1,1],[1,3]]},"options":{"mode":"build"}}

2025-11-25T10:56:38+01:00 REQUEST:
{"mode":"think","self":{"field":[[0,0,0,0,0,0],[0,0,0,0,0,0],[0,0,0,0,0,0],[0,0,0,0,0,0],[0,0,0,0,0,0],[0,0,1,0,0,0],[0,0,1,0,0,0],[0,0,2,0,0,0],[0,0,1,0,0,0],[0,0,2,0,0,0],[0,0,3,0,0,0],[0,0,4,0,0,0],[0,0,3,0,0,0]],"queue":[[1,3],[2,2]]},"options":{"mode":"build"}}

2025-11-25T10:56:39+01:00 REQUEST:
{"mode":"think","self":{"field":[[0,0,0,0,0,0],[0,0,0,0,0,0],[0,0,0,0,0,0],[0,0,3,0,0,0],[0,0,1,0,0,0],[0,0,1,0,0,0],[0,0,1,0,0,0],[0,0,2,0,0,0],[0,0,1,0,0,0],[0,0,2,0,0,0],[0,0,3,0,0,0],[0,0,4,0,0,0],[0,0,3,0,0,0]],"queue":[[2,2],[3,1]]},"options":{"mode":"build"}}

2025-11-25T10:56:39+01:00 REQUEST:
{"mode":"think","self":{"field":[[0,0,0,0,0,0],[0,0,2,0,0,0],[0,0,2,0,0,0],[0,0,3,0,0,0],[0,0,1,0,0,0],[0,0,1,0,0,0],[0,0,1,0,0,0],[0,0,2,0,0,0],[0,0,1,0,0,0],[0,0,2,0,0,0],[0,0,3,0,0,0],[0,0,4,0,0,0],[0,0,3,0,0,0]],"queue":[[2,2],[3,1]]},"options":{"mode":"build"}}

2025-11-25T11:01:26+01:00 REQUEST:
{"mode":"think","self":{"field":[[0,0,0,0,0,0],[0,0,0,0,0,0],[0,0,0,0,0,0],[0,0,0,0,0,0],[0,0,0,0,0,0],[0,0,0,0,0,0],[0,0,0,0,0,0],[0,0,0,0,0,0],[0,0,0,0,0,0],[0,0,0,0,0,0],[0,0,0,0,0,0],[0,0,0,0,0,0],[0,0,0,0,0,0]],"queue":[[1,2],[2,3]]},"options":{"mode":"build"}}

2025-11-25T11:01:27+01:00 REQUEST:
{"mode":"think","self":{"field":[[0,0,0,0,0,0],[0,0,0,0,0,0],[0,0,0,0,0,0],[0,0,0,0,0,0],[0,0,0,0,0,0],[0,0,0,0,0,0],[0,0,0,0,0,0],[0,0,0,0,0,0],[0,0,0,0,0,0],[0,0,0,0,0,0],[0,0,0,0,0,0],[0,0,2,0,0,0],[0,0,1,0,0,0]],"queue":[[2,3],[1,3]]},"options":{"mode":"build"}}

2025-11-25T11:01:27+01:00 REQUEST:
{"mode":"think","self":{"field":[[0,0,0,0,0,0],[0,0,0,0,0,0],[0,0,0,0,0,0],[0,0,0,0,0,0],[0,0,0,0,0,0],[0,0,0,0,0,0],[0,0,0,0,0,0],[0,0,0,0,0,0],[0,0,0,0,0,0],[0,0,3,0,0,0],[0,0,2,0,0,0],[0,0,2,0,0,0],[0,0,1,0,0,0]],"queue":[[1,3],[4,4]]},"options":{"mode":"build"}}

2025-11-25T11:01:27+01:00 REQUEST:
{"mode":"think","self":{"field":[[0,0,0,0,0,0],[0,0,0,0,0,0],[0,0,0,0,0,0],[0,0,0,0,0,0],[0,0,0,0,0,0],[0,0,0,0,0,0],[0,0,0,0,0,0],[0,0,3,0,0,0],[0,0,1,0,0,0],[0,0,3,0,0,0],[0,0,2,0,0,0],[0,0,2,0,0,0],[0,0,1,0,0,0]],"queue":[[4,4],[4,3]]},"options":{"mode":"build"}}

2025-11-25T11:01:27+01:00 REQUEST:
{"mode":"think","self":{"field":[[0,0,0,0,0,0],[0,0,0,0,0,0],[0,0,0,0,0,0],[0,0,0,0,0,0],[0,0,0,0,0,0],[0,0,4,0,0,0],[0,0,4,0,0,0],[0,0,3,0,0,0],[0,0,1,0,0,0],[0,0,3,0,0,0],[0,0,2,0,0,0],[0,0,2,0,0,0],[0,0,1,0,0,0]],"queue":[[4,3],[4,2]]},"options":{"mode":"build"}}

2025-11-25T11:01:28+01:00 REQUEST:
{"mode":"think","self":{"field":[[0,0,0,0,0,0],[0,0,0,0,0,0],[0,0,0,0,0,0],[0,0,3,0,0,0],[0,0,4,0,0,0],[0,0,4,0,0,0],[0,0,4,0,0,0],[0,0,3,0,0,0],[0,0,1,0,0,0],[0,0,3,0,0,0],[0,0,2,0,0,0],[0,0,2,0,0,0],[0,0,1,0,0,0]],"queue":[[4,2],[4,1]]},"options":{"mode":"build"}}

2025-11-25T11:01:28+01:00 REQUEST:
{"mode":"think","self":{"field":[[0,0,0,0,0,0],[0,0,2,0,0,0],[0,0,4,0,0,0],[0,0,3,0,0,0],[0,0,4,0,0,0],[0,0,4,0,0,0],[0,0,4,0,0,0],[0,0,3,0,0,0],[0,0,1,0,0,0],[0,0,3,0,0,0],[0,0,2,0,0,0],[0,0,2,0,0,0],[0,0,1,0,0,0]],"queue":[[4,2],[4,1]]},"options":{"mode":"build"}}

2025-11-25T11:01:28+01:00 REQUEST:
{"mode":"think","self":{"field":[[0,0,0,0,0,0],[0,0,2,0,0,0],[0,0,4,0,0,0],[0,0,3,0,0,0],[0,0,4,0,0,0],[0,0,4,0,0,0],[0,0,4,0,0,0],[0,0,3,0,0,0],[0,0,1,0,0,0],[0,0,3,0,0,0],[0,0,2,0,0,0],[0,0,2,0,0,0],[0,0,1,0,0,0]],"queue":[[4,2],[4,1]]},"options":{"mode":"build"}}

2025-11-25T11:01:28+01:00 REQUEST:
{"mode":"think","self":{"field":[[0,0,0,0,0,0],[0,0,2,0,0,0],[0,0,4,0,0,0],[0,0,3,0,0,0],[0,0,4,0,0,0],[0,0,4,0,0,0],[0,0,4,0,0,0],[0,0,3,0,0,0],[0,0,1,0,0,0],[0,0,3,0,0,0],[0,0,2,0,0,0],[0,0,2,0,0,0],[0,0,1,0,0,0]],"queue":[[4,2],[4,1]]},"options":{"mode":"build"}}

2025-11-25T11:01:30+01:00 REQUEST:
{"mode":"think","self":{"field":[[0,0,0,0,0,0],[0,0,2,0,0,0],[0,0,4,0,0,0],[0,0,3,0,0,0],[0,0,4,0,0,0],[0,0,4,0,0,0],[0,0,4,0,0,0],[0,0,3,0,0,0],[0,0,1,0,0,0],[0,0,3,0,0,0],[0,0,2,0,0,0],[0,0,2,0,0,0],[0,0,1,0,0,0]],"queue":[[4,2],[4,1]]},"options":{"mode":"build"}}

2025-11-25T11:07:58+01:00 REQUEST:
{"mode":"think","self":{"field":[[0,0,0,0,0,0],[0,0,0,0,0,0],[0,0,0,0,0,0],[0,0,0,0,0,0],[0,0,0,0,0,0],[0,0,0,0,0,0],[0,0,0,0,0,0],[0,0,0,0,0,0],[0,0,0,0,0,0],[0,0,0,0,0,0],[0,0,0,0,0,0],[0,0,0,0,0,0],[0,0,0,0,0,0]],"queue":[[2,4],[4,3]]},"options":{"mode":"build"}}

2025-11-25T11:07:59+01:00 REQUEST:
{"mode":"think","self":{"field":[[0,0,0,0,0,0],[0,0,0,0,0,0],[0,0,0,0,0,0],[0,0,0,0,0,0],[0,0,0,0,0,0],[0,0,0,0,0,0],[0,0,0,0,0,0],[0,0,0,0,0,0],[0,0,0,0,0,0],[0,0,0,0,0,0],[0,0,0,0,0,0],[0,0,4,0,0,0],[0,0,2,0,0,0]],"queue":[[4,3],[4,4]]},"options":{"mode":"build"}}

2025-11-25T11:07:59+01:00 REQUEST:
{"mode":"think","self":{"field":[[0,0,0,0,0,0],[0,0,0,0,0,0],[0,0,0,0,0,0],[0,0,0,0,0,0],[0,0,0,0,0,0],[0,0,0,0,0,0],[0,0,0,0,0,0],[0,0,0,0,0,0],[0,0,0,0,0,0],[0,0,3,0,0,0],[0,0,4,0,0,0],[0,0,4,0,0,0],[0,0,2,0,0,0]],"queue":[[4,4],[3,3]]},"options":{"mode":"build"}}

2025-11-25T11:07:59+01:00 REQUEST:
{"mode":"think","self":{"field":[[0,0,0,0,0,0],[0,0,0,0,0,0],[0,0,0,0,0,0],[0,0,0,0,0,0],[0,0,0,0,0,0],[0,0,0,0,0,0],[0,0,0,0,0,0],[0,0,4,0,0,0],[0,0,4,0,0,0],[0,0,3,0,0,0],[0,0,4,0,0,0],[0,0,4,0,0,0],[0,0,2,0,0,0]],"queue":[[3,3],[1,3]]},"options":{"mode":"build"}}

2025-11-25T11:07:59+01:00 REQUEST:
{"mode":"think","self":{"field":[[0,0,0,0,0,0],[0,0,0,0,0,0],[0,0,0,0,0,0],[0,0,0,0,0,0],[0,0,0,0,0,0],[0,0,3,0,0,0],[0,0,3,0,0,0],[0,0,4,0,0,0],[0,0,4,0,0,0],[0,0,3,0,0,0],[0,0,4,0,0,0],[0,0,4,0,0,0],[0,0,2,0,0,0]],"queue":[[1,3],[3,4]]},"options":{"mode":"build"}}

2025-11-25T11:08:00+01:00 REQUEST:
{"mode":"think","self":{"field":[[0,0,0,0,0,0],[0,0,0,0,0,0],[0,0,0,0,0,0],[0,0,3,0,0,0],[0,0,1,0,0,0],[0,0,3,0,0,0],[0,0,3,0,0,0],[0,0,4,0,0,0],[0,0,4,0,0,0],[0,0,3,0,0,0],[0,0,4,0,0,0],[0,0,4,0,0,0],[0,0,2,0,0,0]],"queue":[[3,4],[1,3]]},"options":{"mode":"build"}}

2025-11-25T11:08:00+01:00 REQUEST:
{"mode":"think","self":{"field":[[0,0,0,0,0,0],[0,0,4,0,0,0],[0,0,3,0,0,0],[0,0,3,0,0,0],[0,0,1,0,0,0],[0,0,3,0,0,0],[0,0,3,0,0,0],[0,0,4,0,0,0],[0,0,4,0,0,0],[0,0,3,0,0,0],[0,0,4,0,0,0],[0,0,4,0,0,0],[0,0,2,0,0,0]],"queue":[[3,4],[1,3]]},"options":{"mode":"build"}}

2025-11-25T11:08:00+01:00 REQUEST:
{"mode":"think","self":{"field":[[0,0,0,0,0,0],[0,0,4,0,0,0],[0,0,3,0,0,0],[0,0,3,0,0,0],[0,0,1,0,0,0],[0,0,3,0,0,0],[0,0,3,0,0,0],[0,0,4,0,0,0],[0,0,4,0,0,0],[0,0,3,0,0,0],[0,0,4,0,0,0],[0,0,4,0,0,0],[0,0,2,0,0,0]],"queue":[[3,4],[1,3]]},"options":{"mode":"build"}}

2025-11-25T11:08:00+01:00 REQUEST:
{"mode":"think","self":{"field":[[0,0,0,0,0,0],[0,0,4,0,0,0],[0,0,3,0,0,0],[0,0,3,0,0,0],[0,0,1,0,0,0],[0,0,3,0,0,0],[0,0,3,0,0,0],[0,0,4,0,0,0],[0,0,4,0,0,0],[0,0,3,0,0,0],[0,0,4,0,0,0],[0,0,4,0,0,0],[0,0,2,0,0,0]],"queue":[[3,4],[1,3]]},"options":{"mode":"build"}}

2025-11-25T11:08:01+01:00 REQUEST:
{"mode":"think","self":{"field":[[0,0,0,0,0,0],[0,0,4,0,0,0],[0,0,3,0,0,0],[0,0,3,0,0,0],[0,0,1,0,0,0],[0,0,3,0,0,0],[0,0,3,0,0,0],[0,0,4,0,0,0],[0,0,4,0,0,0],[0,0,3,0,0,0],[0,0,4,0,0,0],[0,0,4,0,0,0],[0,0,2,0,0,0]],"queue":[[3,4],[1,3]]},"options":{"mode":"build"}}

2025-11-25T11:08:01+01:00 REQUEST:
{"mode":"think","self":{"field":[[0,0,0,0,0,0],[0,0,4,0,0,0],[0,0,3,0,0,0],[0,0,3,0,0,0],[0,0,1,0,0,0],[0,0,3,0,0,0],[0,0,3,0,0,0],[0,0,4,0,0,0],[0,0,4,0,0,0],[0,0,3,0,0,0],[0,0,4,0,0,0],[0,0,4,0,0,0],[0,0,2,0,0,0]],"queue":[[3,4],[1,3]]},"options":{"mode":"build"}}

2025-11-25T11:08:01+01:00 REQUEST:
{"mode":"think","self":{"field":[[0,0,0,0,0,0],[0,0,4,0,0,0],[0,0,3,0,0,0],[0,0,3,0,0,0],[0,0,1,0,0,0],[0,0,3,0,0,0],[0,0,3,0,0,0],[0,0,4,0,0,0],[0,0,4,0,0,0],[0,0,3,0,0,0],[0,0,4,0,0,0],[0,0,4,0,0,0],[0,0,2,0,0,0]],"queue":[[3,4],[1,3]]},"options":{"mode":"build"}}

2025-11-25T11:08:01+01:00 REQUEST:
{"mode":"think","self":{"field":[[0,0,0,0,0,0],[0,0,4,0,0,0],[0,0,3,0,0,0],[0,0,3,0,0,0],[0,0,1,0,0,0],[0,0,3,0,0,0],[0,0,3,0,0,0],[0,0,4,0,0,0],[0,0,4,0,0,0],[0,0,3,0,0,0],[0,0,4,0,0,0],[0,0,4,0,0,0],[0,0,2,0,0,0]],"queue":[[3,4],[1,3]]},"options":{"mode":"build"}}

2025-11-25T11:08:01+01:00 REQUEST:
{"mode":"think","self":{"field":[[0,0,0,0,0,0],[0,0,4,0,0,0],[0,0,3,0,0,0],[0,0,3,0,0,0],[0,0,1,0,0,0],[0,0,3,0,0,0],[0,0,3,0,0,0],[0,0,4,0,0,0],[0,0,4,0,0,0],[0,0,3,0,0,0],[0,0,4,0,0,0],[0,0,4,0,0,0],[0,0,2,0,0,0]],"queue":[[3,4],[1,3]]},"options":{"mode":"build"}}

2025-11-25T11:08:01+01:00 REQUEST:
{"mode":"think","self":{"field":[[0,0,0,0,0,0],[0,0,4,0,0,0],[0,0,3,0,0,0],[0,0,3,0,0,0],[0,0,1,0,0,0],[0,0,3,0,0,0],[0,0,3,0,0,0],[0,0,4,0,0,0],[0,0,4,0,0,0],[0,0,3,0,0,0],[0,0,4,0,0,0],[0,0,4,0,0,0],[0,0,2,0,0,0]],"queue":[[3,4],[1,3]]},"options":{"mode":"build"}}

2025-11-25T11:08:02+01:00 REQUEST:
{"mode":"think","self":{"field":[[0,0,0,0,0,0],[0,0,4,0,0,0],[0,0,3,0,0,0],[0,0,3,0,0,0],[0,0,1,0,0,0],[0,0,3,0,0,0],[0,0,3,0,0,0],[0,0,4,0,0,0],[0,0,4,0,0,0],[0,0,3,0,0,0],[0,0,4,0,0,0],[0,0,4,0,0,0],[0,0,2,0,0,0]],"queue":[[3,4],[1,3]]},"options":{"mode":"build"}}

2025-11-25T11:08:02+01:00 REQUEST:
{"mode":"think","self":{"field":[[0,0,0,0,0,0],[0,0,4,0,0,0],[0,0,3,0,0,0],[0,0,3,0,0,0],[0,0,1,0,0,0],[0,0,3,0,0,0],[0,0,3,0,0,0],[0,0,4,0,0,0],[0,0,4,0,0,0],[0,0,3,0,0,0],[0,0,4,0,0,0],[0,0,4,0,0,0],[0,0,2,0,0,0]],"queue":[[3,4],[1,3]]},"options":{"mode":"build"}}

2025-11-25T11:08:02+01:00 REQUEST:
{"mode":"think","self":{"field":[[0,0,0,0,0,0],[0,0,4,0,0,0],[0,0,3,0,0,0],[0,0,3,0,0,0],[0,0,1,0,0,0],[0,0,3,0,0,0],[0,0,3,0,0,0],[0,0,4,0,0,0],[0,0,4,0,0,0],[0,0,3,0,0,0],[0,0,4,0,0,0],[0,0,4,0,0,0],[0,0,2,0,0,0]],"queue":[[3,4],[1,3]]},"options":{"mode":"build"}}

2025-11-25T11:08:02+01:00 REQUEST:
{"mode":"think","self":{"field":[[0,0,0,0,0,0],[0,0,4,0,0,0],[0,0,3,0,0,0],[0,0,3,0,0,0],[0,0,1,0,0,0],[0,0,3,0,0,0],[0,0,3,0,0,0],[0,0,4,0,0,0],[0,0,4,0,0,0],[0,0,3,0,0,0],[0,0,4,0,0,0],[0,0,4,0,0,0],[0,0,2,0,0,0]],"queue":[[3,4],[1,3]]},"options":{"mode":"build"}}

2025-11-25T11:08:02+01:00 REQUEST:
{"mode":"think","self":{"field":[[0,0,0,0,0,0],[0,0,4,0,0,0],[0,0,3,0,0,0],[0,0,3,0,0,0],[0,0,1,0,0,0],[0,0,3,0,0,0],[0,0,3,0,0,0],[0,0,4,0,0,0],[0,0,4,0,0,0],[0,0,3,0,0,0],[0,0,4,0,0,0],[0,0,4,0,0,0],[0,0,2,0,0,0]],"queue":[[3,4],[1,3]]},"options":{"mode":"build"}}

2025-11-25T11:08:02+01:00 REQUEST:
{"mode":"think","self":{"field":[[0,0,0,0,0,0],[0,0,4,0,0,0],[0,0,3,0,0,0],[0,0,3,0,0,0],[0,0,1,0,0,0],[0,0,3,0,0,0],[0,0,3,0,0,0],[0,0,4,0,0,0],[0,0,4,0,0,0],[0,0,3,0,0,0],[0,0,4,0,0,0],[0,0,4,0,0,0],[0,0,2,0,0,0]],"queue":[[3,4],[1,3]]},"options":{"mode":"build"}}

2025-11-25T11:08:03+01:00 REQUEST:
{"mode":"think","self":{"field":[[0,0,0,0,0,0],[0,0,4,0,0,0],[0,0,3,0,0,0],[0,0,3,0,0,0],[0,0,1,0,0,0],[0,0,3,0,0,0],[0,0,3,0,0,0],[0,0,4,0,0,0],[0,0,4,0,0,0],[0,0,3,0,0,0],[0,0,4,0,0,0],[0,0,4,0,0,0],[0,0,2,0,0,0]],"queue":[[3,4],[1,3]]},"options":{"mode":"build"}}

2025-11-25T11:08:39+01:00 REQUEST:
{"mode":"think","self":{"field":[[0,0,0,0,0,0],[0,0,0,0,0,0],[0,0,0,0,0,0],[0,0,0,0,0,0],[0,0,0,0,0,0],[0,0,0,0,0,0],[0,0,0,0,0,0],[0,0,0,0,0,0],[0,0,0,0,0,0],[0,0,0,0,0,0],[0,0,0,0,0,0],[0,0,0,0,0,0],[0,0,0,0,0,0]],"queue":[[2,1],[4,1]]},"options":{"mode":"build"}}

2025-11-25T11:08:40+01:00 REQUEST:
{"mode":"think","self":{"field":[[0,0,0,0,0,0],[0,0,0,0,0,0],[0,0,0,0,0,0],[0,0,0,0,0,0],[0,0,0,0,0,0],[0,0,0,0,0,0],[0,0,0,0,0,0],[0,0,0,0,0,0],[0,0,0,0,0,0],[0,0,0,0,0,0],[0,0,0,0,0,0],[0,0,1,0,0,0],[0,0,2,0,0,0]],"queue":[[4,1],[3,2]]},"options":{"mode":"build"}}

2025-11-25T11:08:41+01:00 REQUEST:
{"mode":"think","self":{"field":[[0,0,0,0,0,0],[0,0,0,0,0,0],[0,0,0,0,0,0],[0,0,0,0,0,0],[0,0,0,0,0,0],[0,0,0,0,0,0],[0,0,0,0,0,0],[0,0,0,0,0,0],[0,0,0,0,0,0],[0,0,1,0,0,0],[0,0,4,0,0,0],[0,0,1,0,0,0],[0,0,2,0,0,0]],"queue":[[3,2],[1,3]]},"options":{"mode":"build"}}

2025-11-25T11:08:43+01:00 REQUEST:
{"mode":"think","self":{"field":[[0,0,0,0,0,0],[0,0,0,0,0,0],[0,0,0,0,0,0],[0,0,0,0,0,0],[0,0,0,0,0,0],[0,0,0,0,0,0],[0,0,0,0,0,0],[0,0,2,0,0,0],[0,0,3,0,0,0],[0,0,1,0,0,0],[0,0,4,0,0,0],[0,0,1,0,0,0],[0,0,2,0,0,0]],"queue":[[1,3],[1,2]]},"options":{"mode":"build"}}

2025-11-25T11:08:43+01:00 REQUEST:
{"mode":"think","self":{"field":[[0,0,0,0,0,0],[0,0,0,0,0,0],[0,0,0,0,0,0],[0,0,0,0,0,0],[0,0,0,0,0,0],[0,0,3,0,0,0],[0,0,1,0,0,0],[0,0,2,0,0,0],[0,0,3,0,0,0],[0,0,1,0,0,0],[0,0,4,0,0,0],[0,0,1,0,0,0],[0,0,2,0,0,0]],"queue":[[1,2],[1,3]]},"options":{"mode":"build"}}

2025-11-25T11:08:43+01:00 REQUEST:
{"mode":"think","self":{"field":[[0,0,0,0,0,0],[0,0,0,0,0,0],[0,0,0,0,0,0],[0,0,2,0,0,0],[0,0,1,0,0,0],[0,0,3,0,0,0],[0,0,1,0,0,0],[0,0,2,0,0,0],[0,0,3,0,0,0],[0,0,1,0,0,0],[0,0,4,0,0,0],[0,0,1,0,0,0],[0,0,2,0,0,0]],"queue":[[1,3],[2,2]]},"options":{"mode":"build"}}

2025-11-25T11:08:43+01:00 REQUEST:
{"mode":"think","self":{"field":[[0,0,0,0,0,0],[0,0,3,0,0,0],[0,0,1,0,0,0],[0,0,2,0,0,0],[0,0,1,0,0,0],[0,0,3,0,0,0],[0,0,1,0,0,0],[0,0,2,0,0,0],[0,0,3,0,0,0],[0,0,1,0,0,0],[0,0,4,0,0,0],[0,0,1,0,0,0],[0,0,2,0,0,0]],"queue":[[1,3],[2,2]]},"options":{"mode":"build"}}

2025-11-25T11:11:19+01:00 REQUEST:
{"mode":"think","self":{"field":[[0,0,0,0,0,0],[0,0,0,0,0,0],[0,0,0,0,0,0],[0,0,0,0,0,0],[0,0,0,0,0,0],[0,0,0,0,0,0],[0,0,0,0,0,0],[0,0,0,0,0,0],[0,0,0,0,0,0],[0,0,0,0,0,0],[0,0,0,0,0,0],[0,0,0,0,0,0],[0,0,0,0,0,0]],"queue":[[1,1],[4,3]]},"options":{"mode":"build"}}

2025-11-25T11:11:25+01:00 REQUEST:
{"mode":"think","self":{"field":[[0,0,0,0,0,0],[0,0,0,0,0,0],[0,0,0,0,0,0],[0,0,0,0,0,0],[0,0,0,0,0,0],[0,0,0,0,0,0],[0,0,0,0,0,0],[0,0,0,0,0,0],[0,0,0,0,0,0],[0,0,0,0,0,0],[0,0,0,0,0,0],[0,0,1,0,0,0],[0,0,1,0,0,0]],"queue":[[4,3],[1,2]]},"options":{"mode":"build"}}

2025-11-25T11:11:29+01:00 REQUEST:
{"mode":"think","self":{"field":[[0,0,0,0,0,0],[0,0,0,0,0,0],[0,0,0,0,0,0],[0,0,0,0,0,0],[0,0,0,0,0,0],[0,0,0,0,0,0],[0,0,0,0,0,0],[0,0,0,0,0,0],[0,0,0,0,0,0],[0,0,3,0,0,0],[0,0,4,0,0,0],[0,0,1,0,0,0],[0,0,1,0,0,0]],"queue":[[1,2],[4,1]]},"options":{"mode":"build"}}

2025-11-25T11:11:29+01:00 REQUEST:
{"mode":"think","self":{"field":[[0,0,0,0,0,0],[0,0,0,0,0,0],[0,0,0,0,0,0],[0,0,0,0,0,0],[0,0,0,0,0,0],[0,0,0,0,0,0],[0,0,0,0,0,0],[0,0,2,0,0,0],[0,0,1,0,0,0],[0,0,3,0,0,0],[0,0,4,0,0,0],[0,0,1,0,0,0],[0,0,1,0,0,0]],"queue":[[4,1],[1,3]]},"options":{"mode":"build"}}

2025-11-25T11:11:30+01:00 REQUEST:
{"mode":"think","self":{"field":[[0,0,0,0,0,0],[0,0,0,0,0,0],[0,0,0,0,0,0],[0,0,0,0,0,0],[0,0,0,0,0,0],[0,0,1,0,0,0],[0,0,4,0,0,0],[0,0,2,0,0,0],[0,0,1,0,0,0],[0,0,3,0,0,0],[0,0,4,0,0,0],[0,0,1,0,0,0],[0,0,1,0,0,0]],"queue":[[1,3],[3,2]]},"options":{"mode":"build"}}

2025-11-25T11:11:33+01:00 REQUEST:
{"mode":"think","self":{"field":[[0,0,0,0,0,0],[0,0,0,0,0,0],[0,0,0,0,0,0],[0,0,3,0,0,0],[0,0,1,0,0,0],[0,0,1,0,0,0],[0,0,4,0,0,0],[0,0,2,0,0,0],[0,0,1,0,0,0],[0,0,3,0,0,0],[0,0,4,0,0,0],[0,0,1,0,0,0],[0,0,1,0,0,0]],"queue":[[3,2],[2,2]]},"options":{"mode":"build"}}

2025-11-25T11:15:55+01:00 REQUEST:
{"mode":"think","self":{"field":[[0,0,0,0,0,0],[0,0,0,0,0,0],[0,0,0,0,0,0],[0,0,0,0,0,0],[0,0,0,0,0,0],[0,0,0,0,0,0],[0,0,0,0,0,0],[0,0,0,0,0,0],[0,0,0,0,0,0],[0,0,0,0,0,0],[0,0,0,0,0,0],[0,0,0,0,0,0],[0,0,0,0,0,0]],"queue":[[1,2],[1,4]]},"options":{"mode":"build"}}

2025-11-25T11:15:56+01:00 REQUEST:
{"mode":"think","self":{"field":[[0,0,0,0,0,0],[0,0,0,0,0,0],[0,0,0,0,0,0],[0,0,0,0,0,0],[0,0,0,0,0,0],[0,0,0,0,0,0],[0,0,0,0,0,0],[0,0,0,0,0,0],[0,0,0,0,0,0],[0,0,0,0,0,0],[0,0,0,0,0,0],[0,0,2,0,0,0],[0,0,1,0,0,0]],"queue":[[null,null]]},"options":{"mode":"build"}}

2025-11-25T11:15:56+01:00 REQUEST:
{"mode":"think","self":{"field":[[0,0,0,0,0,0],[0,0,0,0,0,0],[0,0,0,0,0,0],[0,0,0,0,0,0],[0,0,0,0,0,0],[0,0,0,0,0,0],[0,0,0,0,0,0],[0,0,0,0,0,0],[0,0,0,0,0,0],[0,0,null,0,0,0],[0,0,null,0,0,0],[0,0,2,0,0,0],[0,0,1,0,0,0]],"queue":[]},"options":{"mode":"build"}}

2025-11-25T11:15:57+01:00 REQUEST:
{"mode":"think","self":{"field":[[0,0,0,0,0,0],[0,0,0,0,0,0],[0,0,0,0,0,0],[0,0,0,0,0,0],[0,0,0,0,0,0],[0,0,0,0,0,0],[0,0,0,0,0,0],[0,0,0,0,0,0],[0,0,0,0,0,0],[0,0,null,0,0,0],[0,0,null,0,0,0],[0,0,2,0,0,0],[0,0,1,0,0,0]],"queue":[]},"options":{"mode":"build"}}

2025-11-25T11:15:57+01:00 REQUEST:
{"mode":"think","self":{"field":[[0,0,0,0,0,0],[0,0,0,0,0,0],[0,0,0,0,0,0],[0,0,0,0,0,0],[0,0,0,0,0,0],[0,0,0,0,0,0],[0,0,0,0,0,0],[0,0,0,0,0,0],[0,0,0,0,0,0],[0,0,null,0,0,0],[0,0,null,0,0,0],[0,0,2,0,0,0],[0,0,1,0,0,0]],"queue":[]},"options":{"mode":"build"}}

2025-11-25T11:15:57+01:00 REQUEST:
{"mode":"think","self":{"field":[[0,0,0,0,0,0],[0,0,0,0,0,0],[0,0,0,0,0,0],[0,0,0,0,0,0],[0,0,0,0,0,0],[0,0,0,0,0,0],[0,0,0,0,0,0],[0,0,0,0,0,0],[0,0,0,0,0,0],[0,0,null,0,0,0],[0,0,null,0,0,0],[0,0,2,0,0,0],[0,0,1,0,0,0]],"queue":[]},"options":{"mode":"build"}}

2025-11-25T11:15:57+01:00 REQUEST:
{"mode":"think","self":{"field":[[0,0,0,0,0,0],[0,0,0,0,0,0],[0,0,0,0,0,0],[0,0,0,0,0,0],[0,0,0,0,0,0],[0,0,0,0,0,0],[0,0,0,0,0,0],[0,0,0,0,0,0],[0,0,0,0,0,0],[0,0,null,0,0,0],[0,0,null,0,0,0],[0,0,2,0,0,0],[0,0,1,0,0,0]],"queue":[]},"options":{"mode":"build"}}

2025-11-25T11:16:01+01:00 REQUEST:
{"mode":"think","self":{"field":[[0,0,0,0,0,0],[0,0,0,0,0,0],[0,0,0,0,0,0],[0,0,0,0,0,0],[0,0,0,0,0,0],[0,0,0,0,0,0],[0,0,0,0,0,0],[0,0,0,0,0,0],[0,0,0,0,0,0],[0,0,0,0,0,0],[0,0,0,0,0,0],[0,0,0,0,0,0],[0,0,0,0,0,0]],"queue":[[2,1],[4,1]]},"options":{"mode":"build"}}

2025-11-25T11:16:01+01:00 REQUEST:
{"mode":"think","self":{"field":[[0,0,0,0,0,0],[0,0,0,0,0,0],[0,0,0,0,0,0],[0,0,0,0,0,0],[0,0,0,0,0,0],[0,0,0,0,0,0],[0,0,0,0,0,0],[0,0,0,0,0,0],[0,0,0,0,0,0],[0,0,0,0,0,0],[0,0,0,0,0,0],[0,0,1,0,0,0],[0,0,2,0,0,0]],"queue":[[null,null]]},"options":{"mode":"build"}}

2025-11-25T11:16:02+01:00 REQUEST:
{"mode":"think","self":{"field":[[0,0,0,0,0,0],[0,0,0,0,0,0],[0,0,0,0,0,0],[0,0,0,0,0,0],[0,0,0,0,0,0],[0,0,0,0,0,0],[0,0,0,0,0,0],[0,0,0,0,0,0],[0,0,0,0,0,0],[0,0,null,0,0,0],[0,0,null,0,0,0],[0,0,1,0,0,0],[0,0,2,0,0,0]],"queue":[]},"options":{"mode":"build"}}

2025-11-25T11:16:02+01:00 REQUEST:
{"mode":"think","self":{"field":[[0,0,0,0,0,0],[0,0,0,0,0,0],[0,0,0,0,0,0],[0,0,0,0,0,0],[0,0,0,0,0,0],[0,0,0,0,0,0],[0,0,0,0,0,0],[0,0,0,0,0,0],[0,0,0,0,0,0],[0,0,null,0,0,0],[0,0,null,0,0,0],[0,0,1,0,0,0],[0,0,2,0,0,0]],"queue":[]},"options":{"mode":"build"}}

2025-11-25T11:16:02+01:00 REQUEST:
{"mode":"think","self":{"field":[[0,0,0,0,0,0],[0,0,0,0,0,0],[0,0,0,0,0,0],[0,0,0,0,0,0],[0,0,0,0,0,0],[0,0,0,0,0,0],[0,0,0,0,0,0],[0,0,0,0,0,0],[0,0,0,0,0,0],[0,0,null,0,0,0],[0,0,null,0,0,0],[0,0,1,0,0,0],[0,0,2,0,0,0]],"queue":[]},"options":{"mode":"build"}}

2025-11-25T11:16:02+01:00 REQUEST:
{"mode":"think","self":{"field":[[0,0,0,0,0,0],[0,0,0,0,0,0],[0,0,0,0,0,0],[0,0,0,0,0,0],[0,0,0,0,0,0],[0,0,0,0,0,0],[0,0,0,0,0,0],[0,0,0,0,0,0],[0,0,0,0,0,0],[0,0,null,0,0,0],[0,0,null,0,0,0],[0,0,1,0,0,0],[0,0,2,0,0,0]],"queue":[]},"options":{"mode":"build"}}

2025-11-25T11:16:02+01:00 REQUEST:
{"mode":"think","self":{"field":[[0,0,0,0,0,0],[0,0,0,0,0,0],[0,0,0,0,0,0],[0,0,0,0,0,0],[0,0,0,0,0,0],[0,0,0,0,0,0],[0,0,0,0,0,0],[0,0,0,0,0,0],[0,0,0,0,0,0],[0,0,null,0,0,0],[0,0,null,0,0,0],[0,0,1,0,0,0],[0,0,2,0,0,0]],"queue":[]},"options":{"mode":"build"}}

2025-11-25T11:16:05+01:00 REQUEST:
{"mode":"think","self":{"field":[[0,0,0,0,0,0],[0,0,0,0,0,0],[0,0,0,0,0,0],[0,0,0,0,0,0],[0,0,0,0,0,0],[0,0,0,0,0,0],[0,0,0,0,0,0],[0,0,0,0,0,0],[0,0,0,0,0,0],[0,0,0,0,0,0],[0,0,0,0,0,0],[0,0,0,0,0,0],[0,0,0,0,0,0]],"queue":[[3,2],[1,3]]},"options":{"mode":"build"}}

2025-11-25T11:16:05+01:00 REQUEST:
{"mode":"think","self":{"field":[[0,0,0,0,0,0],[0,0,0,0,0,0],[0,0,0,0,0,0],[0,0,0,0,0,0],[0,0,0,0,0,0],[0,0,0,0,0,0],[0,0,0,0,0,0],[0,0,0,0,0,0],[0,0,0,0,0,0],[0,0,0,0,0,0],[0,0,0,0,0,0],[0,0,2,0,0,0],[0,0,3,0,0,0]],"queue":[[null,null]]},"options":{"mode":"build"}}

2025-11-25T11:16:11+01:00 REQUEST:
{"mode":"think","self":{"field":[[0,0,0,0,0,0],[0,0,0,0,0,0],[0,0,0,0,0,0],[0,0,0,0,0,0],[0,0,0,0,0,0],[0,0,0,0,0,0],[0,0,0,0,0,0],[0,0,0,0,0,0],[0,0,0,0,0,0],[0,0,0,0,0,0],[0,0,0,0,0,0],[0,0,0,0,0,0],[0,0,0,0,0,0]],"queue":[[4,2],[2,2]]},"options":{"mode":"build"}}

2025-11-25T11:16:12+01:00 REQUEST:
{"mode":"think","self":{"field":[[0,0,0,0,0,0],[0,0,0,0,0,0],[0,0,0,0,0,0],[0,0,0,0,0,0],[0,0,0,0,0,0],[0,0,0,0,0,0],[0,0,0,0,0,0],[0,0,0,0,0,0],[0,0,0,0,0,0],[0,0,0,0,0,0],[0,0,0,0,0,0],[0,0,2,0,0,0],[0,0,4,0,0,0]],"queue":[[null,null]]},"options":{"mode":"build"}}

2025-11-25T11:16:13+01:00 REQUEST:
{"mode":"think","self":{"field":[[0,0,0,0,0,0],[0,0,0,0,0,0],[0,0,0,0,0,0],[0,0,0,0,0,0],[0,0,0,0,0,0],[0,0,0,0,0,0],[0,0,0,0,0,0],[0,0,0,0,0,0],[0,0,0,0,0,0],[0,0,null,0,0,0],[0,0,null,0,0,0],[0,0,2,0,0,0],[0,0,4,0,0,0]],"queue":[]},"options":{"mode":"build"}}

2025-11-25T11:16:52+01:00 REQUEST:
{"mode":"think","self":{"field":[[0,0,0,0,0,0],[0,0,0,0,0,0],[0,0,0,0,0,0],[0,0,0,0,0,0],[0,0,0,0,0,0],[0,0,0,0,0,0],[0,0,0,0,0,0],[0,0,0,0,0,0],[0,0,0,0,0,0],[0,0,null,0,0,0],[0,0,null,0,0,0],[0,0,2,0,0,0],[0,0,4,0,0,0]],"queue":[]},"options":{"mode":"build"}}

2025-11-25T11:24:33+01:00 REQUEST:
{"mode":"think","self":{"field":[[0,0,0,0,0,0],[0,0,0,0,0,0],[0,0,0,0,0,0],[0,0,0,0,0,0],[0,0,0,0,0,0],[0,0,0,0,0,0],[0,0,0,0,0,0],[0,0,0,0,0,0],[0,0,0,0,0,0],[0,0,0,0,0,0],[0,0,0,0,0,0],[0,0,0,0,0,0],[0,0,0,0,0,0]],"queue":[[4,1],[1,1]]},"options":{"mode":"build"}}

2025-11-25T11:24:36+01:00 REQUEST:
{"mode":"think","self":{"field":[[0,0,0,0,0,0],[0,0,0,0,0,0],[0,0,0,0,0,0],[0,0,0,0,0,0],[0,0,0,0,0,0],[0,0,0,0,0,0],[0,0,0,0,0,0],[0,0,0,0,0,0],[0,0,0,0,0,0],[0,0,0,0,0,0],[0,0,0,0,0,0],[0,0,1,0,0,0],[0,0,4,0,0,0]],"queue":[[null,null]]},"options":{"mode":"build"}}

2025-11-25T11:24:37+01:00 REQUEST:
{"mode":"think","self":{"field":[[0,0,0,0,0,0],[0,0,0,0,0,0],[0,0,0,0,0,0],[0,0,0,0,0,0],[0,0,0,0,0,0],[0,0,0,0,0,0],[0,0,0,0,0,0],[0,0,0,0,0,0],[0,0,0,0,0,0],[0,0,null,0,0,0],[0,0,null,0,0,0],[0,0,1,0,0,0],[0,0,4,0,0,0]],"queue":[]},"options":{"mode":"build"}}

2025-11-25T11:24:37+01:00 REQUEST:
{"mode":"think","self":{"field":[[0,0,0,0,0,0],[0,0,0,0,0,0],[0,0,0,0,0,0],[0,0,0,0,0,0],[0,0,0,0,0,0],[0,0,0,0,0,0],[0,0,0,0,0,0],[0,0,0,0,0,0],[0,0,0,0,0,0],[0,0,null,0,0,0],[0,0,null,0,0,0],[0,0,1,0,0,0],[0,0,4,0,0,0]],"queue":[]},"options":{"mode":"build"}}

2025-11-25T11:24:37+01:00 REQUEST:
{"mode":"think","self":{"field":[[0,0,0,0,0,0],[0,0,0,0,0,0],[0,0,0,0,0,0],[0,0,0,0,0,0],[0,0,0,0,0,0],[0,0,0,0,0,0],[0,0,0,0,0,0],[0,0,0,0,0,0],[0,0,0,0,0,0],[0,0,null,0,0,0],[0,0,null,0,0,0],[0,0,1,0,0,0],[0,0,4,0,0,0]],"queue":[]},"options":{"mode":"build"}}

2025-11-25T11:24:38+01:00 REQUEST:
{"mode":"think","self":{"field":[[0,0,0,0,0,0],[0,0,0,0,0,0],[0,0,0,0,0,0],[0,0,0,0,0,0],[0,0,0,0,0,0],[0,0,0,0,0,0],[0,0,0,0,0,0],[0,0,0,0,0,0],[0,0,0,0,0,0],[0,0,null,0,0,0],[0,0,null,0,0,0],[0,0,1,0,0,0],[0,0,4,0,0,0]],"queue":[]},"options":{"mode":"build"}}

2025-11-25T11:24:38+01:00 REQUEST:
{"mode":"think","self":{"field":[[0,0,0,0,0,0],[0,0,0,0,0,0],[0,0,0,0,0,0],[0,0,0,0,0,0],[0,0,0,0,0,0],[0,0,0,0,0,0],[0,0,0,0,0,0],[0,0,0,0,0,0],[0,0,0,0,0,0],[0,0,null,0,0,0],[0,0,null,0,0,0],[0,0,1,0,0,0],[0,0,4,0,0,0]],"queue":[]},"options":{"mode":"build"}}

2025-11-25T11:24:38+01:00 REQUEST:
{"mode":"think","self":{"field":[[0,0,0,0,0,0],[0,0,0,0,0,0],[0,0,0,0,0,0],[0,0,0,0,0,0],[0,0,0,0,0,0],[0,0,0,0,0,0],[0,0,0,0,0,0],[0,0,0,0,0,0],[0,0,0,0,0,0],[0,0,null,0,0,0],[0,0,null,0,0,0],[0,0,1,0,0,0],[0,0,4,0,0,0]],"queue":[]},"options":{"mode":"build"}}

2025-11-25T11:24:38+01:00 REQUEST:
{"mode":"think","self":{"field":[[0,0,0,0,0,0],[0,0,0,0,0,0],[0,0,0,0,0,0],[0,0,0,0,0,0],[0,0,0,0,0,0],[0,0,0,0,0,0],[0,0,0,0,0,0],[0,0,0,0,0,0],[0,0,0,0,0,0],[0,0,null,0,0,0],[0,0,null,0,0,0],[0,0,1,0,0,0],[0,0,4,0,0,0]],"queue":[]},"options":{"mode":"build"}}

2025-11-25T11:24:55+01:00 REQUEST:
{"mode":"think","self":{"field":[[0,0,0,0,0,0],[0,0,0,0,0,0],[0,0,0,0,0,0],[0,0,0,0,0,0],[0,0,0,0,0,0],[0,0,0,0,0,0],[0,0,0,0,0,0],[0,0,0,0,0,0],[0,0,0,0,0,0],[0,0,0,0,0,0],[0,0,0,0,0,0],[0,0,0,0,0,0],[0,0,0,0,0,0]],"queue":[[3,4],[1,3]]},"options":{"mode":"build"}}

2025-11-25T11:24:56+01:00 REQUEST:
{"mode":"think","self":{"field":[[0,0,0,0,0,0],[0,0,0,0,0,0],[0,0,0,0,0,0],[0,0,0,0,0,0],[0,0,0,0,0,0],[0,0,0,0,0,0],[0,0,0,0,0,0],[0,0,0,0,0,0],[0,0,0,0,0,0],[0,0,0,0,0,0],[0,0,0,0,0,0],[0,0,4,0,0,0],[0,0,3,0,0,0]],"queue":[[null,null]]},"options":{"mode":"build"}}

2025-11-25T11:24:56+01:00 REQUEST:
{"mode":"think","self":{"field":[[0,0,0,0,0,0],[0,0,0,0,0,0],[0,0,0,0,0,0],[0,0,0,0,0,0],[0,0,0,0,0,0],[0,0,0,0,0,0],[0,0,0,0,0,0],[0,0,0,0,0,0],[0,0,0,0,0,0],[0,0,null,0,0,0],[0,0,null,0,0,0],[0,0,4,0,0,0],[0,0,3,0,0,0]],"queue":[]},"options":{"mode":"build"}}

2025-11-25T11:25:24+01:00 REQUEST:
{"mode":"think","self":{"field":[[0,0,0,0,0,0],[0,0,0,0,0,0],[0,0,0,0,0,0],[0,0,0,0,0,0],[0,0,0,0,0,0],[0,0,0,0,0,0],[0,0,0,0,0,0],[0,0,0,0,0,0],[0,0,0,0,0,0],[0,0,0,0,0,0],[0,0,0,0,0,0],[0,0,0,0,0,0],[0,0,0,0,0,0]],"queue":[[2,3],[4,1]]},"options":{"mode":"build"}}

2025-11-25T11:43:27+01:00 REQUEST:
{"mode":"think","self":{"field":[[0,0,0,0,0,0],[0,0,0,0,0,0],[0,0,0,0,0,0],[0,0,0,0,0,0],[0,0,0,0,0,0],[0,0,0,0,0,0],[0,0,0,0,0,0],[0,0,0,0,0,0],[0,0,0,0,0,0],[0,0,0,0,0,0],[0,0,0,0,0,0],[0,0,0,0,0,0],[0,0,0,0,0,0]],"queue":[[3,1],[2,1]]},"options":{"mode":"build"}}

2025-11-25T11:43:28+01:00 REQUEST:
{"mode":"think","self":{"field":[[0,0,0,0,0,0],[0,0,0,0,0,0],[0,0,0,0,0,0],[0,0,0,0,0,0],[0,0,0,0,0,0],[0,0,0,0,0,0],[0,0,0,0,0,0],[0,0,0,0,0,0],[0,0,0,0,0,0],[0,0,0,0,0,0],[0,0,0,0,0,0],[0,0,1,0,0,0],[0,0,3,0,0,0]],"queue":[[2,1],[3,2]]},"options":{"mode":"build"}}

2025-11-25T11:43:29+01:00 REQUEST:
{"mode":"think","self":{"field":[[0,0,0,0,0,0],[0,0,0,0,0,0],[0,0,0,0,0,0],[0,0,0,0,0,0],[0,0,0,0,0,0],[0,0,0,0,0,0],[0,0,0,0,0,0],[0,0,0,0,0,0],[0,0,0,0,0,0],[0,0,1,0,0,0],[0,0,2,0,0,0],[0,0,1,0,0,0],[0,0,3,0,0,0]],"queue":[[3,2],[4,1]]},"options":{"mode":"build"}}

2025-11-25T11:43:29+01:00 REQUEST:
{"mode":"think","self":{"field":[[0,0,0,0,0,0],[0,0,0,0,0,0],[0,0,0,0,0,0],[0,0,0,0,0,0],[0,0,0,0,0,0],[0,0,0,0,0,0],[0,0,0,0,0,0],[0,0,2,0,0,0],[0,0,3,0,0,0],[0,0,1,0,0,0],[0,0,2,0,0,0],[0,0,1,0,0,0],[0,0,3,0,0,0]],"queue":[[4,1],[1,1]]},"options":{"mode":"build"}}

2025-11-25T11:43:30+01:00 REQUEST:
{"mode":"think","self":{"field":[[0,0,0,0,0,0],[0,0,0,0,0,0],[0,0,0,0,0,0],[0,0,0,0,0,0],[0,0,0,0,0,0],[0,0,1,0,0,0],[0,0,4,0,0,0],[0,0,2,0,0,0],[0,0,3,0,0,0],[0,0,1,0,0,0],[0,0,2,0,0,0],[0,0,1,0,0,0],[0,0,3,0,0,0]],"queue":[[1,1],[2,4]]},"options":{"mode":"build"}}

2025-11-25T11:43:32+01:00 REQUEST:
{"mode":"think","self":{"field":[[0,0,0,0,0,0],[0,0,0,0,0,0],[0,0,0,0,0,0],[0,0,1,0,0,0],[0,0,1,0,0,0],[0,0,1,0,0,0],[0,0,4,0,0,0],[0,0,2,0,0,0],[0,0,3,0,0,0],[0,0,1,0,0,0],[0,0,2,0,0,0],[0,0,1,0,0,0],[0,0,3,0,0,0]],"queue":[[2,4],[1,4]]},"options":{"mode":"build"}}

2025-11-25T11:43:32+01:00 REQUEST:
{"mode":"think","self":{"field":[[0,0,0,0,0,0],[0,0,4,0,0,0],[0,0,2,0,0,0],[0,0,1,0,0,0],[0,0,1,0,0,0],[0,0,1,0,0,0],[0,0,4,0,0,0],[0,0,2,0,0,0],[0,0,3,0,0,0],[0,0,1,0,0,0],[0,0,2,0,0,0],[0,0,1,0,0,0],[0,0,3,0,0,0]],"queue":[[2,4],[1,4]]},"options":{"mode":"build"}}

2025-11-25T11:43:33+01:00 REQUEST:
{"mode":"think","self":{"field":[[0,0,0,0,0,0],[0,0,4,0,0,0],[0,0,2,0,0,0],[0,0,1,0,0,0],[0,0,1,0,0,0],[0,0,1,0,0,0],[0,0,4,0,0,0],[0,0,2,0,0,0],[0,0,3,0,0,0],[0,0,1,0,0,0],[0,0,2,0,0,0],[0,0,1,0,0,0],[0,0,3,0,0,0]],"queue":[[2,4],[1,4]]},"options":{"mode":"build"}}

2025-11-25T11:43:36+01:00 REQUEST:
{"mode":"think","self":{"field":[[0,0,0,0,0,0],[0,0,0,0,0,0],[0,0,0,0,0,0],[0,0,0,0,0,0],[0,0,0,0,0,0],[0,0,0,0,0,0],[0,0,0,0,0,0],[0,0,0,0,0,0],[0,0,0,0,0,0],[0,0,0,0,0,0],[0,0,0,0,0,0],[0,0,0,0,0,0],[0,0,0,0,0,0]],"queue":[[3,2],[2,1]]},"options":{"mode":"build"}}

2025-11-25T11:43:42+01:00 REQUEST:
{"mode":"think","self":{"field":[[0,0,0,0,0,0],[0,0,0,0,0,0],[0,0,0,0,0,0],[0,0,0,0,0,0],[0,0,0,0,0,0],[0,0,0,0,0,0],[0,0,0,0,0,0],[0,0,0,0,0,0],[0,0,0,0,0,0],[0,0,0,0,0,0],[0,0,0,0,0,0],[0,0,2,0,0,0],[0,0,3,0,0,0]],"queue":[[2,1],[3,2]]},"options":{"mode":"build"}}

2025-11-25T11:43:45+01:00 REQUEST:
{"mode":"think","self":{"field":[[0,0,0,0,0,0],[0,0,0,0,0,0],[0,0,0,0,0,0],[0,0,0,0,0,0],[0,0,0,0,0,0],[0,0,0,0,0,0],[0,0,0,0,0,0],[0,0,0,0,0,0],[0,0,0,0,0,0],[0,0,1,0,0,0],[0,0,2,0,0,0],[0,0,2,0,0,0],[0,0,3,0,0,0]],"queue":[[3,2],[1,2]]},"options":{"mode":"build"}}

2025-11-25T11:43:46+01:00 REQUEST:
{"mode":"think","self":{"field":[[0,0,0,0,0,0],[0,0,0,0,0,0],[0,0,0,0,0,0],[0,0,0,0,0,0],[0,0,0,0,0,0],[0,0,0,0,0,0],[0,0,0,0,0,0],[0,0,2,0,0,0],[0,0,3,0,0,0],[0,0,1,0,0,0],[0,0,2,0,0,0],[0,0,2,0,0,0],[0,0,3,0,0,0]],"queue":[[1,2],[4,2]]},"options":{"mode":"build"}}

2025-11-25T11:43:47+01:00 REQUEST:
{"mode":"think","self":{"field":[[0,0,0,0,0,0],[0,0,0,0,0,0],[0,0,0,0,0,0],[0,0,0,0,0,0],[0,0,0,0,0,0],[0,0,2,0,0,0],[0,0,1,0,0,0],[0,0,2,0,0,0],[0,0,3,0,0,0],[0,0,1,0,0,0],[0,0,2,0,0,0],[0,0,2,0,0,0],[0,0,3,0,0,0]],"queue":[[4,2],[4,4]]},"options":{"mode":"build"}}

2025-11-25T11:43:47+01:00 REQUEST:
{"mode":"think","self":{"field":[[0,0,0,0,0,0],[0,0,0,0,0,0],[0,0,0,0,0,0],[0,0,2,0,0,0],[0,0,4,0,0,0],[0,0,2,0,0,0],[0,0,1,0,0,0],[0,0,2,0,0,0],[0,0,3,0,0,0],[0,0,1,0,0,0],[0,0,2,0,0,0],[0,0,2,0,0,0],[0,0,3,0,0,0]],"queue":[[4,4],[3,3]]},"options":{"mode":"build"}}

2025-11-25T11:43:48+01:00 REQUEST:
{"mode":"think","self":{"field":[[0,0,0,0,0,0],[0,0,4,0,0,0],[0,0,4,0,0,0],[0,0,2,0,0,0],[0,0,4,0,0,0],[0,0,2,0,0,0],[0,0,1,0,0,0],[0,0,2,0,0,0],[0,0,3,0,0,0],[0,0,1,0,0,0],[0,0,2,0,0,0],[0,0,2,0,0,0],[0,0,3,0,0,0]],"queue":[[4,4],[3,3]]},"options":{"mode":"build"}}

2025-11-25T11:48:51+01:00 REQUEST:
{"mode":"think","self":{"field":[[0,0,0,0,0,0],[0,0,0,0,0,0],[0,0,0,0,0,0],[0,0,0,0,0,0],[0,0,0,0,0,0],[0,0,0,0,0,0],[0,0,0,0,0,0],[0,0,0,0,0,0],[0,0,0,0,0,0],[0,0,0,0,0,0],[0,0,0,0,0,0],[0,0,0,0,0,0],[0,0,0,0,0,0]],"queue":[[1,2],[4,4]]},"options":{"mode":"build"}}

2025-11-25T11:48:53+01:00 REQUEST:
{"mode":"think","self":{"field":[[0,0,0,0,0,0],[0,0,0,0,0,0],[0,0,0,0,0,0],[0,0,0,0,0,0],[0,0,0,0,0,0],[0,0,0,0,0,0],[0,0,0,0,0,0],[0,0,0,0,0,0],[0,0,0,0,0,0],[0,0,0,0,0,0],[0,0,0,0,0,0],[0,0,2,0,0,0],[0,0,1,0,0,0]],"queue":[[4,3],[4,4]]},"options":{"mode":"build"}}

2025-11-25T11:48:55+01:00 REQUEST:
{"mode":"think","self":{"field":[[0,0,0,0,0,0],[0,0,0,0,0,0],[0,0,0,0,0,0],[0,0,0,0,0,0],[0,0,0,0,0,0],[0,0,0,0,0,0],[0,0,0,0,0,0],[0,0,0,0,0,0],[0,0,0,0,0,0],[0,0,4,0,0,0],[0,0,4,0,0,0],[0,0,2,0,0,0],[0,0,1,0,0,0]],"queue":[[1,3],[2,3]]},"options":{"mode":"build"}}

2025-11-25T11:48:57+01:00 REQUEST:
{"mode":"think","self":{"field":[[0,0,0,0,0,0],[0,0,0,0,0,0],[0,0,0,0,0,0],[0,0,0,0,0,0],[0,0,0,0,0,0],[0,0,0,0,0,0],[0,0,0,0,0,0],[0,0,0,0,0,0],[0,0,0,0,0,0],[0,0,0,0,0,0],[0,0,0,0,0,0],[0,0,2,0,0,0],[0,0,1,0,0,0]],"queue":[[2,4],[3,3]]},"options":{"mode":"build"}}

2025-11-25T11:48:58+01:00 REQUEST:
{"mode":"think","self":{"field":[[0,0,0,0,0,0],[0,0,0,0,0,0],[0,0,0,0,0,0],[0,0,0,0,0,0],[0,0,0,0,0,0],[0,0,0,0,0,0],[0,0,0,0,0,0],[0,0,0,0,0,0],[0,0,0,0,0,0],[0,0,3,0,0,0],[0,0,2,0,0,0],[0,0,2,0,0,0],[0,0,1,0,0,0]],"queue":[[1,2],[1,4]]},"options":{"mode":"build"}}

2025-11-25T11:48:59+01:00 REQUEST:
{"mode":"think","self":{"field":[[0,0,0,0,0,0],[0,0,0,0,0,0],[0,0,0,0,0,0],[0,0,0,0,0,0],[0,0,0,0,0,0],[0,0,0,0,0,0],[0,0,0,0,0,0],[0,0,3,0,0,0],[0,0,3,0,0,0],[0,0,3,0,0,0],[0,0,2,0,0,0],[0,0,2,0,0,0],[0,0,1,0,0,0]],"queue":[[1,4],[1,4]]},"options":{"mode":"build"}}

2025-11-25T11:48:59+01:00 REQUEST:
{"mode":"think","self":{"field":[[0,0,0,0,0,0],[0,0,0,0,0,0],[0,0,0,0,0,0],[0,0,0,0,0,0],[0,0,0,0,0,0],[0,0,4,0,0,0],[0,0,1,0,0,0],[0,0,3,0,0,0],[0,0,3,0,0,0],[0,0,3,0,0,0],[0,0,2,0,0,0],[0,0,2,0,0,0],[0,0,1,0,0,0]],"queue":[[4,2],[3,3]]},"options":{"mode":"build"}}

2025-11-25T11:49:00+01:00 REQUEST:
{"mode":"think","self":{"field":[[0,0,0,0,0,0],[0,0,0,0,0,0],[0,0,0,0,0,0],[0,0,4,0,0,0],[0,0,1,0,0,0],[0,0,4,0,0,0],[0,0,1,0,0,0],[0,0,3,0,0,0],[0,0,3,0,0,0],[0,0,3,0,0,0],[0,0,2,0,0,0],[0,0,2,0,0,0],[0,0,1,0,0,0]],"queue":[[1,4],[1,3]]},"options":{"mode":"build"}}

2025-11-25T11:49:00+01:00 REQUEST:
{"mode":"think","self":{"field":[[0,0,0,0,0,0],[0,0,3,0,0,0],[0,0,3,0,0,0],[0,0,4,0,0,0],[0,0,1,0,0,0],[0,0,4,0,0,0],[0,0,1,0,0,0],[0,0,3,0,0,0],[0,0,3,0,0,0],[0,0,3,0,0,0],[0,0,2,0,0,0],[0,0,2,0,0,0],[0,0,1,0,0,0]],"queue":[[1,4],[1,3]]},"options":{"mode":"build"}}

2025-11-25T11:49:01+01:00 REQUEST:
{"mode":"think","self":{"field":[[0,0,0,0,0,0],[0,0,3,0,0,0],[0,0,3,0,0,0],[0,0,4,0,0,0],[0,0,1,0,0,0],[0,0,4,0,0,0],[0,0,1,0,0,0],[0,0,3,0,0,0],[0,0,3,0,0,0],[0,0,3,0,0,0],[0,0,2,0,0,0],[0,0,2,0,0,0],[0,0,1,0,0,0]],"queue":[[1,4],[1,3]]},"options":{"mode":"build"}}

2025-11-25T11:49:15+01:00 REQUEST:
{"mode":"think","self":{"field":[[0,0,0,0,0,0],[0,0,0,0,0,0],[0,0,0,0,0,0],[0,0,0,0,0,0],[0,0,0,0,0,0],[0,0,0,0,0,0],[0,0,0,0,0,0],[0,0,0,0,0,0],[0,0,0,0,0,0],[-1,0,0,0,0,0],[2,0,0,-1,0,0],[3,0,0,3,0,0],[3,1,4,3,4,0]],"queue":[[3,2],[2,1]]},"options":{"mode":"build"}}

2025-11-25T11:49:18+01:00 REQUEST:
{"mode":"think","self":{"field":[[0,0,0,0,0,0],[0,0,0,0,0,0],[0,0,0,0,0,0],[0,0,0,0,0,0],[0,0,0,0,0,0],[0,0,0,0,0,0],[0,0,0,0,0,0],[0,0,0,0,0,0],[0,0,0,0,0,0],[-1,0,0,0,0,0],[2,0,0,0,0,0],[3,0,0,0,0,0],[3,1,4,0,4,0]],"queue":[[2,2],[2,2]]},"options":{"mode":"build"}}

2025-11-25T11:49:18+01:00 REQUEST:
{"mode":"think","self":{"field":[[0,0,0,0,0,0],[0,0,0,0,0,0],[0,0,0,0,0,0],[0,0,0,0,0,0],[0,0,0,0,0,0],[0,0,0,0,0,0],[0,0,0,0,0,0],[0,0,0,0,0,0],[0,0,0,0,0,0],[-1,0,0,0,0,0],[2,0,1,0,0,0],[3,0,2,0,0,0],[3,1,4,0,4,0]],"queue":[[3,1],[3,1]]},"options":{"mode":"build"}}

2025-11-25T11:49:19+01:00 REQUEST:
{"mode":"think","self":{"field":[[0,0,0,0,0,0],[0,0,0,0,0,0],[0,0,0,0,0,0],[0,0,0,0,0,0],[0,0,0,0,0,0],[0,0,0,0,0,0],[0,0,0,0,0,0],[0,0,0,0,0,0],[0,0,2,0,0,0],[-1,0,2,0,0,0],[2,0,1,0,0,0],[3,0,2,0,0,0],[3,1,4,0,4,0]],"queue":[[4,3],[4,3]]},"options":{"mode":"build"}}

2025-11-25T11:49:19+01:00 REQUEST:
{"mode":"think","self":{"field":[[0,0,0,0,0,0],[0,0,0,0,0,0],[0,0,0,0,0,0],[0,0,0,0,0,0],[0,0,0,0,0,0],[0,0,0,0,0,0],[0,0,1,0,0,0],[0,0,3,0,0,0],[0,0,2,0,0,0],[-1,0,2,0,0,0],[2,0,1,0,0,0],[3,0,2,0,0,0],[3,1,4,0,4,0]],"queue":[[1,3],[3,1]]},"options":{"mode":"build"}}

2025-11-25T11:49:20+01:00 REQUEST:
{"mode":"think","self":{"field":[[0,0,0,0,0,0],[0,0,0,0,0,0],[0,0,0,0,0,0],[0,0,0,0,0,0],[0,0,3,0,0,0],[0,0,4,0,0,0],[0,0,1,0,0,0],[0,0,3,0,0,0],[0,0,2,0,0,0],[-1,0,2,0,0,0],[2,0,1,0,0,0],[3,0,2,0,0,0],[3,1,4,0,4,0]],"queue":[[4,1],[4,3]]},"options":{"mode":"build"}}

2025-11-25T11:49:20+01:00 REQUEST:
{"mode":"think","self":{"field":[[0,0,0,0,0,0],[0,0,0,0,0,0],[0,0,1,0,0,0],[0,0,3,0,0,0],[0,0,3,0,0,0],[0,0,4,0,0,0],[0,0,1,0,0,0],[0,0,3,0,0,0],[0,0,2,0,0,0],[-1,0,2,0,0,0],[2,0,1,0,0,0],[3,0,2,0,0,0],[3,1,4,0,4,0]],"queue":[[4,4],[2,3]]},"options":{"mode":"build"}}

2025-11-25T11:49:20+01:00 REQUEST:
{"mode":"think","self":{"field":[[0,0,0,0,0,0],[0,0,4,0,0,0],[0,0,1,0,0,0],[0,0,3,0,0,0],[0,0,3,0,0,0],[0,0,4,0,0,0],[0,0,1,0,0,0],[0,0,3,0,0,0],[0,0,2,0,0,0],[-1,0,2,0,0,0],[2,0,1,0,0,0],[3,0,2,0,0,0],[3,1,4,0,4,0]],"queue":[[4,4],[2,3]]},"options":{"mode":"build"}}

2025-11-25T11:49:20+01:00 REQUEST:
{"mode":"think","self":{"field":[[0,0,0,0,0,0],[0,0,4,0,0,0],[0,0,1,0,0,0],[0,0,3,0,0,0],[0,0,3,0,0,0],[0,0,4,0,0,0],[0,0,1,0,0,0],[0,0,3,0,0,0],[0,0,2,0,0,0],[-1,0,2,0,0,0],[2,0,1,0,0,0],[3,0,2,0,0,0],[3,1,4,0,4,0]],"queue":[[4,4],[2,3]]},"options":{"mode":"build"}}

2025-11-25T11:49:20+01:00 REQUEST:
{"mode":"think","self":{"field":[[0,0,0,0,0,0],[0,0,4,0,0,0],[0,0,1,0,0,0],[0,0,3,0,0,0],[0,0,3,0,0,0],[0,0,4,0,0,0],[0,0,1,0,0,0],[0,0,3,0,0,0],[0,0,2,0,0,0],[-1,0,2,0,0,0],[2,0,1,0,0,0],[3,0,2,0,0,0],[3,1,4,0,4,0]],"queue":[[4,4],[2,3]]},"options":{"mode":"build"}}

2025-11-25T11:50:18+01:00 REQUEST:
{"mode":"think","self":{"field":[[0,0,0,0,0,0],[0,0,0,0,0,0],[0,0,0,0,0,0],[0,0,0,0,0,0],[0,0,0,0,0,0],[0,0,0,0,0,0],[0,0,0,0,0,0],[0,0,0,0,0,0],[0,0,0,0,0,0],[0,-1,-1,0,0,0],[0,3,4,4,0,0],[3,3,2,4,0,0],[1,-1,2,2,0,0]],"queue":[[1,4],[3,1]]},"options":{"mode":"build"}}

2025-11-25T11:50:19+01:00 REQUEST:
{"mode":"think","self":{"field":[[0,0,0,0,0,0],[0,0,0,0,0,0],[0,0,0,0,0,0],[0,0,0,0,0,0],[0,0,0,0,0,0],[0,0,0,0,0,0],[0,0,0,0,0,0],[0,0,4,0,0,0],[0,0,2,0,0,0],[0,-1,-1,0,0,0],[0,3,4,4,0,0],[3,3,2,4,0,0],[1,-1,2,2,0,0]],"queue":[[4,4],[2,1]]},"options":{"mode":"build"}}

2025-11-25T11:50:19+01:00 REQUEST:
{"mode":"think","self":{"field":[[0,0,0,0,0,0],[0,0,0,0,0,0],[0,0,0,0,0,0],[0,0,0,0,0,0],[0,0,0,0,0,0],[0,0,1,0,0,0],[0,0,3,0,0,0],[0,0,4,0,0,0],[0,0,2,0,0,0],[0,-1,-1,0,0,0],[0,3,4,4,0,0],[3,3,2,4,0,0],[1,-1,2,2,0,0]],"queue":[[4,3],[1,1]]},"options":{"mode":"build"}}

2025-11-25T11:50:20+01:00 REQUEST:
{"mode":"think","self":{"field":[[0,0,0,0,0,0],[0,0,0,0,0,0],[0,0,0,0,0,0],[0,0,1,0,0,0],[0,0,2,0,0,0],[0,0,1,0,0,0],[0,0,3,0,0,0],[0,0,4,0,0,0],[0,0,2,0,0,0],[0,-1,-1,0,0,0],[0,3,4,4,0,0],[3,3,2,4,0,0],[1,-1,2,2,0,0]],"queue":[[2,3],[1,1]]},"options":{"mode":"build"}}

2025-11-25T11:58:50+01:00 REQUEST:
{"mode":"think","self":{"field":[[0,0,0,0,0,0],[0,0,0,0,0,0],[0,0,0,0,0,0],[0,0,0,0,0,0],[0,0,0,0,0,0],[0,0,0,0,0,0],[0,0,0,0,0,0],[0,0,0,0,0,0],[0,0,0,0,0,0],[0,0,0,0,0,0],[0,0,0,0,0,0],[0,0,0,0,0,0],[0,0,0,0,0,0]],"queue":[[3,2],[1,4]]},"options":{"mode":"build"}}

2025-11-25T11:58:51+01:00 REQUEST:
{"mode":"think","self":{"field":[[0,0,0,0,0,0],[0,0,0,0,0,0],[0,0,0,0,0,0],[0,0,0,0,0,0],[0,0,0,0,0,0],[0,0,0,0,0,0],[0,0,0,0,0,0],[0,0,0,0,0,0],[0,0,0,0,0,0],[0,0,0,0,0,0],[0,0,0,0,0,0],[0,0,2,0,0,0],[0,0,3,0,0,0]],"queue":[[1,2],[3,4]]},"options":{"mode":"build"}}

2025-11-25T11:58:53+01:00 REQUEST:
{"mode":"think","self":{"field":[[0,0,0,0,0,0],[0,0,0,0,0,0],[0,0,0,0,0,0],[0,0,0,0,0,0],[0,0,0,0,0,0],[0,0,0,0,0,0],[0,0,0,0,0,0],[0,0,0,0,0,0],[0,0,0,0,0,0],[0,0,2,0,0,0],[0,0,1,0,0,0],[0,0,2,0,0,0],[0,0,3,0,0,0]],"queue":[[4,3],[3,4]]},"options":{"mode":"build"}}

2025-11-25T11:59:06+01:00 REQUEST:
{"mode":"think","self":{"field":[[0,0,0,0,0,0],[0,0,0,0,0,0],[0,0,0,0,0,0],[0,0,0,0,0,0],[0,0,0,0,0,0],[0,0,4,0,0,0],[0,0,3,0,0,0],[0,0,3,0,0,0],[0,0,4,0,0,0],[0,0,2,0,0,0],[0,0,1,0,0,0],[0,0,2,0,0,0],[0,0,3,0,0,0]],"queue":[[2,2],[2,3]]},"options":{"mode":"build"}}

2025-11-25T12:01:39+01:00 REQUEST:


2025-11-25T12:01:39+01:00 REQUEST:


2025-11-25T12:01:39+01:00 REQUEST:


2025-11-25T12:01:40+01:00 REQUEST:


2025-11-25T12:01:40+01:00 REQUEST:


2025-11-25T12:01:40+01:00 REQUEST:


2025-11-25T12:01:40+01:00 REQUEST:


2025-11-25T12:01:40+01:00 REQUEST:


2025-11-25T12:01:40+01:00 REQUEST:


2025-11-25T12:01:40+01:00 REQUEST:


2025-11-25T12:01:40+01:00 REQUEST:


2025-11-25T12:01:40+01:00 REQUEST:


2025-11-25T12:01:40+01:00 REQUEST:


2025-11-25T12:01:40+01:00 REQUEST:


2025-11-25T12:01:40+01:00 REQUEST:


2025-11-25T12:01:40+01:00 REQUEST:


2025-11-25T12:01:40+01:00 REQUEST:


2025-11-25T12:01:40+01:00 REQUEST:


2025-11-25T12:01:41+01:00 REQUEST:


2025-11-25T12:01:41+01:00 REQUEST:


2025-11-25T12:01:41+01:00 REQUEST:


2025-11-25T12:01:41+01:00 REQUEST:


2025-11-25T12:01:41+01:00 REQUEST:


2025-11-25T12:01:41+01:00 REQUEST:


2025-11-25T12:01:41+01:00 REQUEST:


2025-11-25T12:01:41+01:00 REQUEST:


2025-11-25T12:01:41+01:00 REQUEST:


2025-11-25T12:01:41+01:00 REQUEST:


2025-11-25T12:01:41+01:00 REQUEST:


2025-11-25T12:01:41+01:00 REQUEST:


2025-11-25T12:01:41+01:00 REQUEST:


2025-11-25T12:01:41+01:00 REQUEST:


2025-11-25T12:01:41+01:00 REQUEST:


2025-11-25T12:01:42+01:00 REQUEST:


2025-11-25T12:01:42+01:00 REQUEST:


2025-11-25T12:01:42+01:00 REQUEST:


2025-11-25T12:01:44+01:00 REQUEST:
{"mode":"think","self":{"field":[[0,0,0,0,0,0],[0,0,0,0,0,0],[0,0,0,0,0,0],[0,0,0,0,0,0],[0,0,0,0,0,0],[0,0,0,0,0,0],[0,0,0,0,0,0],[0,0,0,0,0,0],[0,0,0,0,0,0],[0,0,0,0,0,0],[0,0,0,0,0,0],[0,0,0,0,0,0],[0,0,0,0,0,0]],"queue":[[2,2],[3,3],[null,null],[null,null]]},"options":{"mode":"build"}}

2025-11-25T12:01:45+01:00 REQUEST:
{"mode":"think","self":{"field":[[0,0,0,0,0,0],[0,0,0,0,0,0],[0,0,0,0,0,0],[0,0,0,0,0,0],[0,0,0,0,0,0],[0,0,0,0,0,0],[0,0,0,0,0,0],[0,0,0,0,0,0],[0,0,0,0,0,0],[0,0,0,0,0,0],[0,0,0,0,0,0],[0,0,2,0,0,0],[0,0,2,0,0,0]],"queue":[[2,3],[4,3],[null,null],[null,null]]},"options":{"mode":"build"}}

2025-11-25T12:01:46+01:00 REQUEST:
{"mode":"think","self":{"field":[[0,0,0,0,0,0],[0,0,0,0,0,0],[0,0,0,0,0,0],[0,0,0,0,0,0],[0,0,0,0,0,0],[0,0,0,0,0,0],[0,0,0,0,0,0],[0,0,0,0,0,0],[0,0,0,0,0,0],[0,0,3,0,0,0],[0,0,2,0,0,0],[0,0,2,0,0,0],[0,0,2,0,0,0]],"queue":[[4,1],[4,3],[null,null],[null,null]]},"options":{"mode":"build"}}

2025-11-25T12:01:47+01:00 REQUEST:
{"mode":"think","self":{"field":[[0,0,0,0,0,0],[0,0,0,0,0,0],[0,0,0,0,0,0],[0,0,0,0,0,0],[0,0,0,0,0,0],[0,0,0,0,0,0],[0,0,0,0,0,0],[0,0,1,0,0,0],[0,0,4,0,0,0],[0,0,3,0,0,0],[0,0,2,0,0,0],[0,0,2,0,0,0],[0,0,2,0,0,0]],"queue":[[1,4],[2,3],[null,null],[null,null]]},"options":{"mode":"build"}}

2025-11-25T12:01:48+01:00 REQUEST:
{"mode":"think","self":{"field":[[0,0,0,0,0,0],[0,0,0,0,0,0],[0,0,0,0,0,0],[0,0,0,0,0,0],[0,0,0,0,0,0],[0,0,4,0,0,0],[0,0,1,0,0,0],[0,0,1,0,0,0],[0,0,4,0,0,0],[0,0,3,0,0,0],[0,0,2,0,0,0],[0,0,2,0,0,0],[0,0,2,0,0,0]],"queue":[[3,4],[1,3],[null,null],[null,null]]},"options":{"mode":"build"}}

2025-11-25T12:01:48+01:00 REQUEST:
{"mode":"think","self":{"field":[[0,0,0,0,0,0],[0,0,0,0,0,0],[0,0,0,0,0,0],[0,0,4,0,0,0],[0,0,3,0,0,0],[0,0,4,0,0,0],[0,0,1,0,0,0],[0,0,1,0,0,0],[0,0,4,0,0,0],[0,0,3,0,0,0],[0,0,2,0,0,0],[0,0,2,0,0,0],[0,0,2,0,0,0]],"queue":[[4,4],[4,2],[null,null],[null,null]]},"options":{"mode":"build"}}

2025-11-25T12:01:49+01:00 REQUEST:
{"mode":"think","self":{"field":[[0,0,0,0,0,0],[0,0,4,0,0,0],[0,0,4,0,0,0],[0,0,4,0,0,0],[0,0,3,0,0,0],[0,0,4,0,0,0],[0,0,1,0,0,0],[0,0,1,0,0,0],[0,0,4,0,0,0],[0,0,3,0,0,0],[0,0,2,0,0,0],[0,0,2,0,0,0],[0,0,2,0,0,0]],"queue":[[4,4],[4,2],[null,null],[null,null]]},"options":{"mode":"build"}}

2025-11-25T12:01:49+01:00 REQUEST:
{"mode":"think","self":{"field":[[0,0,0,0,0,0],[0,0,4,0,0,0],[0,0,4,0,0,0],[0,0,4,0,0,0],[0,0,3,0,0,0],[0,0,4,0,0,0],[0,0,1,0,0,0],[0,0,1,0,0,0],[0,0,4,0,0,0],[0,0,3,0,0,0],[0,0,2,0,0,0],[0,0,2,0,0,0],[0,0,2,0,0,0]],"queue":[[4,4],[4,2],[null,null],[null,null]]},"options":{"mode":"build"}}

2025-11-25T12:01:49+01:00 REQUEST:
{"mode":"think","self":{"field":[[0,0,0,0,0,0],[0,0,4,0,0,0],[0,0,4,0,0,0],[0,0,4,0,0,0],[0,0,3,0,0,0],[0,0,4,0,0,0],[0,0,1,0,0,0],[0,0,1,0,0,0],[0,0,4,0,0,0],[0,0,3,0,0,0],[0,0,2,0,0,0],[0,0,2,0,0,0],[0,0,2,0,0,0]],"queue":[[4,4],[4,2],[null,null],[null,null]]},"options":{"mode":"build"}}

2025-11-25T12:01:50+01:00 REQUEST:
{"mode":"think","self":{"field":[[0,0,0,0,0,0],[0,0,4,0,0,0],[0,0,4,0,0,0],[0,0,4,0,0,0],[0,0,3,0,0,0],[0,0,4,0,0,0],[0,0,1,0,0,0],[0,0,1,0,0,0],[0,0,4,0,0,0],[0,0,3,0,0,0],[0,0,2,0,0,0],[0,0,2,0,0,0],[0,0,2,0,0,0]],"queue":[[4,4],[4,2],[null,null],[null,null]]},"options":{"mode":"build"}}

2025-11-25T12:01:50+01:00 REQUEST:
{"mode":"think","self":{"field":[[0,0,0,0,0,0],[0,0,4,0,0,0],[0,0,4,0,0,0],[0,0,4,0,0,0],[0,0,3,0,0,0],[0,0,4,0,0,0],[0,0,1,0,0,0],[0,0,1,0,0,0],[0,0,4,0,0,0],[0,0,3,0,0,0],[0,0,2,0,0,0],[0,0,2,0,0,0],[0,0,2,0,0,0]],"queue":[[4,4],[4,2],[null,null],[null,null]]},"options":{"mode":"build"}}

2025-11-25T12:01:55+01:00 REQUEST:


2025-11-25T12:01:55+01:00 REQUEST:


2025-11-25T12:01:56+01:00 REQUEST:


2025-11-25T12:01:56+01:00 REQUEST:


2025-11-25T12:01:56+01:00 REQUEST:


2025-11-25T12:01:56+01:00 REQUEST:


2025-11-25T12:01:56+01:00 REQUEST:


2025-11-25T12:01:56+01:00 REQUEST:


2025-11-25T12:01:56+01:00 REQUEST:


2025-11-25T12:01:56+01:00 REQUEST:


2025-11-25T12:01:56+01:00 REQUEST:


2025-11-25T12:01:56+01:00 REQUEST:


2025-11-25T12:01:56+01:00 REQUEST:


2025-11-25T12:01:56+01:00 REQUEST:


2025-11-25T12:01:56+01:00 REQUEST:


2025-11-25T12:01:56+01:00 REQUEST:


2025-11-25T12:01:57+01:00 REQUEST:


2025-11-25T12:01:57+01:00 REQUEST:


2025-11-25T12:01:57+01:00 REQUEST:


2025-11-25T12:01:57+01:00 REQUEST:


2025-11-25T12:01:57+01:00 REQUEST:


2025-11-25T12:01:57+01:00 REQUEST:


2025-11-25T12:01:57+01:00 REQUEST:


2025-11-25T12:01:57+01:00 REQUEST:


2025-11-25T12:01:57+01:00 REQUEST:


2025-11-25T12:01:57+01:00 REQUEST:


2025-11-25T12:01:57+01:00 REQUEST:


2025-11-25T12:01:57+01:00 REQUEST:
{"mode":"think","self":{"field":[[0,0,0,0,0,0],[0,0,4,0,0,0],[0,0,4,0,0,0],[0,0,4,0,0,0],[0,0,3,0,0,0],[0,0,4,0,0,0],[0,0,1,0,0,0],[0,0,1,0,0,0],[0,0,4,0,0,0],[0,0,3,0,0,0],[0,0,2,0,0,0],[0,0,2,0,0,0],[0,0,2,0,0,0]],"queue":[[4,4],[4,2],[null,null],[null,null]]},"options":{"mode":"build"}}

2025-11-25T12:01:57+01:00 REQUEST:


2025-11-25T12:01:57+01:00 REQUEST:


2025-11-25T12:01:57+01:00 REQUEST:


2025-11-25T12:01:57+01:00 REQUEST:


2025-11-25T12:01:58+01:00 REQUEST:


2025-11-25T12:01:58+01:00 REQUEST:


2025-11-25T12:01:58+01:00 REQUEST:


2025-11-25T12:01:58+01:00 REQUEST:


2025-11-25T12:01:58+01:00 REQUEST:


2025-11-25T12:01:58+01:00 REQUEST:


2025-11-25T12:01:58+01:00 REQUEST:


2025-11-25T12:01:58+01:00 REQUEST:


2025-11-25T12:01:58+01:00 REQUEST:


2025-11-25T12:01:58+01:00 REQUEST:


2025-11-25T12:01:58+01:00 REQUEST:


2025-11-25T12:01:58+01:00 REQUEST:


2025-11-25T12:01:58+01:00 REQUEST:


2025-11-25T12:01:58+01:00 REQUEST:


2025-11-25T12:01:59+01:00 REQUEST:


2025-11-25T12:01:59+01:00 REQUEST:


2025-11-25T12:02:56+01:00 REQUEST:
{"mode":"think","self":{"field":[[0,0,0,0,0,0],[0,0,0,0,0,0],[0,0,0,0,0,0],[0,0,0,0,0,0],[0,0,0,0,0,0],[0,0,0,0,0,0],[0,0,0,0,0,0],[0,0,0,0,0,0],[0,0,2,0,-1,0],[-1,0,3,-1,1,0],[-1,2,2,1,3,0],[-1,3,2,4,3,-1],[2,2,3,4,2,3]],"queue":[[4,2],[3,2],[null,null],[null,null],[null,null],[null,null]]},"options":{"mode":"build"}}

2025-11-25T12:02:59+01:00 REQUEST:
{"mode":"think","self":{"field":[[0,0,0,0,0,0],[0,0,0,0,0,0],[0,0,0,0,0,0],[0,0,0,0,0,0],[0,0,0,0,0,0],[0,0,0,0,0,0],[0,0,2,0,0,0],[0,0,4,0,0,0],[0,0,2,0,-1,0],[-1,0,3,-1,1,0],[-1,2,2,1,3,0],[-1,3,2,4,3,-1],[2,2,3,4,2,3]],"queue":[[4,4],[3,3],[null,null],[null,null],[null,null],[null,null]]},"options":{"mode":"build"}}

2025-11-25T12:03:00+01:00 REQUEST:
{"mode":"think","self":{"field":[[0,0,0,0,0,0],[0,0,0,0,0,0],[0,0,0,0,0,0],[0,0,0,0,0,0],[0,0,4,0,0,0],[0,0,4,0,0,0],[0,0,2,0,0,0],[0,0,4,0,0,0],[0,0,2,0,-1,0],[-1,0,3,-1,1,0],[-1,2,2,1,3,0],[-1,3,2,4,3,-1],[2,2,3,4,2,3]],"queue":[[2,1],[2,2],[null,null],[null,null],[null,null],[null,null]]},"options":{"mode":"build"}}

2025-11-25T12:03:01+01:00 REQUEST:
{"mode":"think","self":{"field":[[0,0,0,0,0,0],[0,0,0,0,0,0],[0,0,1,0,0,0],[0,0,2,0,0,0],[0,0,4,0,0,0],[0,0,4,0,0,0],[0,0,2,0,0,0],[0,0,4,0,0,0],[0,0,2,0,-1,0],[-1,0,3,-1,1,0],[-1,2,2,1,3,0],[-1,3,2,4,3,-1],[2,2,3,4,2,3]],"queue":[[4,1],[4,4],[null,null],[null,null],[null,null],[null,null]]},"options":{"mode":"build"}}

2025-11-25T12:03:07+01:00 REQUEST:


2025-11-25T12:03:07+01:00 REQUEST:


2025-11-25T12:03:07+01:00 REQUEST:


2025-11-25T12:03:07+01:00 REQUEST:


2025-11-25T12:03:07+01:00 REQUEST:


2025-11-25T12:03:07+01:00 REQUEST:


2025-11-25T12:03:07+01:00 REQUEST:


2025-11-25T12:03:07+01:00 REQUEST:


2025-11-25T12:03:07+01:00 REQUEST:


2025-11-25T12:03:08+01:00 REQUEST:


2025-11-25T12:03:08+01:00 REQUEST:


2025-11-25T12:03:08+01:00 REQUEST:


2025-11-25T12:03:08+01:00 REQUEST:


2025-11-25T12:03:08+01:00 REQUEST:


2025-11-25T12:03:08+01:00 REQUEST:


2025-11-25T12:03:08+01:00 REQUEST:


2025-11-25T12:03:08+01:00 REQUEST:


2025-11-25T12:03:08+01:00 REQUEST:


2025-11-25T12:03:08+01:00 REQUEST:


2025-11-25T12:03:08+01:00 REQUEST:


2025-11-25T12:03:08+01:00 REQUEST:


2025-11-25T12:03:08+01:00 REQUEST:


2025-11-25T12:03:08+01:00 REQUEST:


2025-11-25T12:03:08+01:00 REQUEST:


2025-11-25T12:03:08+01:00 REQUEST:


2025-11-25T12:03:09+01:00 REQUEST:


2025-11-25T12:03:09+01:00 REQUEST:


2025-11-25T12:03:09+01:00 REQUEST:


2025-11-25T12:03:09+01:00 REQUEST:


2025-11-25T12:03:09+01:00 REQUEST:
{"mode":"think","self":{"field":[[0,0,0,0,0,0],[0,0,4,0,0,0],[0,0,1,0,0,0],[0,0,2,0,0,0],[0,0,4,0,0,0],[0,0,4,0,0,0],[0,0,2,0,0,0],[0,0,4,0,0,0],[0,0,2,0,-1,0],[-1,0,3,-1,1,0],[-1,2,2,1,3,0],[-1,3,2,4,3,-1],[2,2,3,4,2,3]],"queue":[[4,1],[4,4],[null,null],[null,null],[null,null],[null,null]]},"options":{"mode":"build"}}

2025-11-25T12:03:09+01:00 REQUEST:


2025-11-25T12:03:09+01:00 REQUEST:


2025-11-25T12:03:09+01:00 REQUEST:


2025-11-25T12:03:09+01:00 REQUEST:


2025-11-25T12:03:09+01:00 REQUEST:


2025-11-25T12:03:09+01:00 REQUEST:
{"mode":"think","self":{"field":[[0,0,0,0,0,0],[0,0,4,0,0,0],[0,0,1,0,0,0],[0,0,2,0,0,0],[0,0,4,0,0,0],[0,0,4,0,0,0],[0,0,2,0,0,0],[0,0,4,0,0,0],[0,0,2,0,-1,0],[-1,0,3,-1,1,0],[-1,2,2,1,3,0],[-1,3,2,4,3,-1],[2,2,3,4,2,3]],"queue":[[4,1],[4,4],[null,null],[null,null],[null,null],[null,null]]},"options":{"mode":"build"}}

2025-11-25T12:03:09+01:00 REQUEST:


2025-11-25T12:03:09+01:00 REQUEST:


2025-11-25T12:03:09+01:00 REQUEST:


2025-11-25T12:03:09+01:00 REQUEST:


2025-11-25T12:03:09+01:00 REQUEST:


2025-11-25T12:03:09+01:00 REQUEST:


2025-11-25T12:03:09+01:00 REQUEST:


2025-11-25T12:03:09+01:00 REQUEST:


2025-11-25T12:03:10+01:00 REQUEST:


2025-11-25T12:03:10+01:00 REQUEST:


2025-11-25T12:03:10+01:00 REQUEST:


2025-11-25T12:03:10+01:00 REQUEST:


2025-11-25T12:03:10+01:00 REQUEST:


2025-11-25T12:03:10+01:00 REQUEST:


2025-11-25T12:03:10+01:00 REQUEST:


2025-11-25T12:03:10+01:00 REQUEST:


2025-11-25T12:03:10+01:00 REQUEST:


2025-11-25T12:03:11+01:00 REQUEST:
{"mode":"think","self":{"field":[[0,0,0,0,0,0],[0,0,0,0,0,0],[0,0,0,0,0,0],[0,0,0,0,0,0],[0,0,0,0,0,0],[0,0,0,0,0,0],[0,0,0,0,0,0],[0,0,0,0,0,0],[0,0,0,0,0,0],[0,0,0,0,0,0],[0,0,0,0,0,0],[0,0,0,0,0,0],[0,0,0,0,0,0]],"queue":[[1,4],[3,2],[null,null],[null,null],[null,null],[null,null],[null,null],[null,null]]},"options":{"mode":"build"}}

2025-11-25T12:03:12+01:00 REQUEST:
{"mode":"think","self":{"field":[[0,0,0,0,0,0],[0,0,0,0,0,0],[0,0,0,0,0,0],[0,0,0,0,0,0],[0,0,0,0,0,0],[0,0,0,0,0,0],[0,0,0,0,0,0],[0,0,0,0,0,0],[0,0,0,0,0,0],[0,0,0,0,0,0],[0,0,0,0,0,0],[0,0,4,0,0,0],[0,0,1,0,0,0]],"queue":[[2,2],[3,2],[null,null],[null,null],[null,null],[null,null],[null,null],[null,null]]},"options":{"mode":"build"}}

2025-11-25T12:03:13+01:00 REQUEST:
{"mode":"think","self":{"field":[[0,0,0,0,0,0],[0,0,0,0,0,0],[0,0,0,0,0,0],[0,0,0,0,0,0],[0,0,0,0,0,0],[0,0,0,0,0,0],[0,0,0,0,0,0],[0,0,0,0,0,0],[0,0,0,0,0,0],[0,0,2,0,0,0],[0,0,2,0,0,0],[0,0,4,0,0,0],[0,0,1,0,0,0]],"queue":[[3,4],[1,1],[null,null],[null,null],[null,null],[null,null],[null,null],[null,null]]},"options":{"mode":"build"}}

2025-11-25T12:03:14+01:00 REQUEST:
{"mode":"think","self":{"field":[[0,0,0,0,0,0],[0,0,0,0,0,0],[0,0,0,0,0,0],[0,0,0,0,0,0],[0,0,0,0,0,0],[0,0,0,0,0,0],[0,0,0,0,0,0],[0,0,4,0,0,0],[0,0,3,0,0,0],[0,0,2,0,0,0],[0,0,2,0,0,0],[0,0,4,0,0,0],[0,0,1,0,0,0]],"queue":[[4,4],[3,2],[null,null],[null,null],[null,null],[null,null],[null,null],[null,null]]},"options":{"mode":"build"}}

2025-11-25T12:03:15+01:00 REQUEST:
{"mode":"think","self":{"field":[[0,0,0,0,0,0],[0,0,0,0,0,0],[0,0,0,0,0,0],[0,0,0,0,0,0],[0,0,0,0,0,0],[0,0,4,0,0,0],[0,0,4,0,0,0],[0,0,4,0,0,0],[0,0,3,0,0,0],[0,0,2,0,0,0],[0,0,2,0,0,0],[0,0,4,0,0,0],[0,0,1,0,0,0]],"queue":[[2,1],[2,3],[null,null],[null,null],[null,null],[null,null],[null,null],[null,null]]},"options":{"mode":"build"}}

2025-11-25T12:03:16+01:00 REQUEST:
{"mode":"think","self":{"field":[[0,0,0,0,0,0],[0,0,0,0,0,0],[0,0,0,0,0,0],[0,0,1,0,0,0],[0,0,2,0,0,0],[0,0,4,0,0,0],[0,0,4,0,0,0],[0,0,4,0,0,0],[0,0,3,0,0,0],[0,0,2,0,0,0],[0,0,2,0,0,0],[0,0,4,0,0,0],[0,0,1,0,0,0]],"queue":[[1,1],[3,1],[null,null],[null,null],[null,null],[null,null],[null,null],[null,null]]},"options":{"mode":"build"}}

2025-11-25T12:03:23+01:00 REQUEST:


2025-11-25T12:04:03+01:00 REQUEST:
{}

2025-11-25T12:14:52+01:00 REQUEST:
{"mode":"think","self":{"field":[0,0,0,0,0,0,0,0,0,0,0,0,0,0,0,0,0,0,0,0,0,0,0,0,0,0,0,0,0,0,0,0,0,0,0,0,0,0,0,0,0,0,0,0,0,0,0,0,0,0,0,0,0,0,0,0,0,0,0,0,0,0,0,0,0,0,0,0,0,0,0,0],"queue":[[1,1],[1,3]]},"options":{"mode":"build"}}

2025-11-25T12:14:54+01:00 REQUEST:
{"mode":"think","self":{"field":[0,0,0,0,0,0,0,0,0,0,0,0,0,0,0,0,0,0,0,0,0,0,0,0,0,0,0,0,0,0,0,0,0,0,0,0,0,0,0,0,0,0,0,0,0,0,0,0,0,0,0,0,0,0,0,0,0,0,0,0,0,0,0,0,0,0,0,0,0,0,0,0],"queue":[[1,1],[1,3]]},"options":{"mode":"build"}}

2025-11-25T12:14:55+01:00 REQUEST:
{"mode":"think","self":{"field":[0,0,0,0,0,0,0,0,0,0,0,0,0,0,0,0,0,0,0,0,0,0,0,0,0,0,0,0,0,0,0,0,0,0,0,0,0,0,0,0,0,0,0,0,0,0,0,0,0,0,0,0,0,0,0,0,0,0,0,0,0,0,0,0,0,0,0,0,0,0,0,0],"queue":[[1,1],[1,3]]},"options":{"mode":"build"}}

2025-11-25T12:15:46+01:00 REQUEST:


2025-11-25T12:15:46+01:00 REQUEST:


2025-11-25T12:15:46+01:00 REQUEST:


2025-11-25T12:15:46+01:00 REQUEST:


2025-11-25T12:15:46+01:00 REQUEST:


2025-11-25T12:15:46+01:00 REQUEST:


2025-11-25T12:15:46+01:00 REQUEST:


2025-11-25T12:15:46+01:00 REQUEST:


2025-11-25T12:15:46+01:00 REQUEST:


2025-11-25T12:15:46+01:00 REQUEST:


2025-11-25T12:15:46+01:00 REQUEST:


2025-11-25T12:15:46+01:00 REQUEST:


2025-11-25T12:15:46+01:00 REQUEST:


2025-11-25T12:15:46+01:00 REQUEST:


2025-11-25T12:15:47+01:00 REQUEST:


2025-11-25T12:15:47+01:00 REQUEST:


2025-11-25T12:15:47+01:00 REQUEST:


2025-11-25T12:15:47+01:00 REQUEST:


2025-11-25T12:15:47+01:00 REQUEST:


2025-11-25T12:15:47+01:00 REQUEST:


2025-11-25T12:15:47+01:00 REQUEST:


2025-11-25T12:15:47+01:00 REQUEST:


2025-11-25T12:15:47+01:00 REQUEST:


2025-11-25T12:15:47+01:00 REQUEST:


2025-11-25T12:15:47+01:00 REQUEST:


2025-11-25T12:15:47+01:00 REQUEST:


2025-11-25T12:15:47+01:00 REQUEST:


2025-11-25T12:15:47+01:00 REQUEST:


2025-11-25T12:15:47+01:00 REQUEST:


2025-11-25T12:15:47+01:00 REQUEST:


2025-11-25T12:15:47+01:00 REQUEST:


2025-11-25T12:15:48+01:00 REQUEST:


2025-11-25T12:15:48+01:00 REQUEST:


2025-11-25T12:15:48+01:00 REQUEST:


2025-11-25T12:15:48+01:00 REQUEST:


2025-11-25T12:15:48+01:00 REQUEST:


2025-11-25T12:15:48+01:00 REQUEST:


2025-11-25T12:15:48+01:00 REQUEST:


2025-11-25T12:15:48+01:00 REQUEST:


2025-11-25T12:15:48+01:00 REQUEST:


2025-11-25T12:15:48+01:00 REQUEST:


2025-11-25T12:15:48+01:00 REQUEST:


2025-11-25T12:15:48+01:00 REQUEST:


2025-11-25T12:15:48+01:00 REQUEST:


2025-11-25T12:15:48+01:00 REQUEST:


2025-11-25T12:15:48+01:00 REQUEST:


2025-11-25T12:15:48+01:00 REQUEST:


2025-11-25T12:15:49+01:00 REQUEST:


2025-11-25T12:15:49+01:00 REQUEST:


2025-11-25T12:15:49+01:00 REQUEST:


2025-11-25T12:15:49+01:00 REQUEST:


2025-11-25T12:15:49+01:00 REQUEST:


2025-11-25T12:15:49+01:00 REQUEST:


2025-11-25T12:15:49+01:00 REQUEST:


2025-11-25T12:15:49+01:00 REQUEST:


2025-11-25T12:15:49+01:00 REQUEST:


2025-11-25T12:15:49+01:00 REQUEST:


2025-11-25T12:15:49+01:00 REQUEST:


2025-11-25T12:15:49+01:00 REQUEST:


2025-11-25T12:15:49+01:00 REQUEST:


2025-11-25T12:15:49+01:00 REQUEST:


2025-11-25T12:15:50+01:00 REQUEST:


2025-11-25T12:15:50+01:00 REQUEST:


2025-11-25T12:15:50+01:00 REQUEST:


2025-11-25T12:15:50+01:00 REQUEST:


2025-11-25T12:15:50+01:00 REQUEST:


2025-11-25T12:15:50+01:00 REQUEST:


2025-11-25T12:15:50+01:00 REQUEST:


2025-11-25T12:15:50+01:00 REQUEST:


2025-11-25T12:15:50+01:00 REQUEST:


2025-11-25T12:15:50+01:00 REQUEST:


2025-11-25T12:15:50+01:00 REQUEST:


2025-11-25T12:15:50+01:00 REQUEST:


2025-11-25T12:15:50+01:00 REQUEST:


2025-11-25T12:15:54+01:00 REQUEST:
{"mode":"think","self":{"field":[0,0,0,0,0,0,0,0,0,0,0,0,0,0,0,0,0,0,0,0,0,0,0,0,0,0,0,0,0,0,0,0,0,0,0,0,0,0,0,0,0,0,0,0,0,0,0,0,0,0,0,0,0,0,0,0,0,0,0,0,0,0,0,0,0,0,0,0,0,0,0,0],"queue":[[2,2],[2,4],[null,null],[null,null]]},"options":{"mode":"build"}}

2025-11-25T12:15:55+01:00 REQUEST:
{"mode":"think","self":{"field":[0,0,0,0,0,0,0,0,0,0,0,0,0,0,0,0,0,0,0,0,0,0,0,0,0,0,0,0,0,0,0,0,0,0,0,0,0,0,0,0,0,0,0,0,0,0,0,0,0,0,0,0,0,0,0,0,0,0,0,0,0,0,0,0,0,0,0,0,0,0,0,0],"queue":[[2,2],[2,4],[null,null],[null,null]]},"options":{"mode":"build"}}

2025-11-25T12:15:56+01:00 REQUEST:
{"mode":"think","self":{"field":[0,0,0,0,0,0,0,0,0,0,0,0,0,0,0,0,0,0,0,0,0,0,0,0,0,0,0,0,0,0,0,0,0,0,0,0,0,0,0,0,0,0,0,0,0,0,0,0,0,0,0,0,0,0,0,0,0,0,0,0,0,0,0,0,0,0,0,0,0,0,0,0],"queue":[[2,2],[2,4],[null,null],[null,null]]},"options":{"mode":"build"}}

2025-11-25T12:15:57+01:00 REQUEST:
{"mode":"think","self":{"field":[0,0,0,0,0,0,0,0,0,0,0,0,0,0,0,0,0,0,0,0,0,0,0,0,0,0,0,0,0,0,0,0,0,0,0,0,0,0,0,0,0,0,0,0,0,0,0,0,0,0,0,0,0,0,0,0,0,0,0,0,0,0,0,0,0,0,0,0,0,0,0,0],"queue":[[2,2],[2,4],[null,null],[null,null]]},"options":{"mode":"build"}}

2025-11-25T12:15:57+01:00 REQUEST:
{"mode":"think","self":{"field":[0,0,0,0,0,0,0,0,0,0,0,0,0,0,0,0,0,0,0,0,0,0,0,0,0,0,0,0,0,0,0,0,0,0,0,0,0,0,0,0,0,0,0,0,0,0,0,0,0,0,0,0,0,0,0,0,0,0,0,0,0,0,0,0,0,0,0,0,0,0,0,0],"queue":[[2,2],[2,4],[null,null],[null,null]]},"options":{"mode":"build"}}

2025-11-25T12:15:57+01:00 REQUEST:
{"mode":"think","self":{"field":[0,0,0,0,0,0,0,0,0,0,0,0,0,0,0,0,0,0,0,0,0,0,0,0,0,0,0,0,0,0,0,0,0,0,0,0,0,0,0,0,0,0,0,0,0,0,0,0,0,0,0,0,0,0,0,0,0,0,0,0,0,0,0,0,0,0,0,0,0,0,0,0],"queue":[[2,2],[2,4],[null,null],[null,null]]},"options":{"mode":"build"}}

2025-11-25T12:15:58+01:00 REQUEST:
{"mode":"think","self":{"field":[0,0,0,0,0,0,0,0,0,0,0,0,0,0,0,0,0,0,0,0,0,0,0,0,0,0,0,0,0,0,0,0,0,0,0,0,0,0,0,0,0,0,0,0,0,0,0,0,0,0,0,0,0,0,0,0,0,0,0,0,0,0,0,0,0,0,0,0,0,0,0,0],"queue":[[2,2],[2,4],[null,null],[null,null]]},"options":{"mode":"build"}}

2025-11-25T12:28:58+01:00 REQUEST:
{"mode":"think","self":{"field":[0,0,0,0,0,0,0,0,0,0,0,0,0,0,0,0,0,0,0,0,0,0,0,0,0,0,0,0,0,0,0,0,0,0,0,0,0,0,0,0,0,0,0,0,0,0,0,0,0,0,0,0,0,0,0,0,0,0,0,0,0,0,0,0,0,0,0,0,0,0,0,0],"queue":[[2,4],[3,1]]},"options":{"mode":"build"}}

2025-11-25T12:29:01+01:00 REQUEST:
{"mode":"think","self":{"field":[0,0,0,0,0,0,0,0,0,0,0,0,0,0,0,0,0,0,0,0,0,0,0,0,0,0,0,0,0,0,0,0,0,0,0,0,0,0,0,0,0,0,0,0,0,0,0,0,0,0,0,0,0,0,0,0,0,0,0,0,0,0,1,0,0,0,0,0,4,0,0,0],"queue":[[2,3],[2,4]]},"options":{"mode":"build"}}

2025-11-25T12:29:04+01:00 REQUEST:
{"mode":"think","self":{"field":[0,0,0,0,0,0,0,0,0,0,0,0,0,0,0,0,0,0,0,0,0,0,0,0,0,0,0,0,0,0,0,0,0,0,0,0,0,0,0,0,0,0,0,0,0,0,0,0,0,0,1,0,0,0,0,0,3,0,0,0,0,0,1,0,0,0,0,0,4,0,0,0],"queue":[[3,4],[2,3]]},"options":{"mode":"build"}}

2025-11-25T12:29:07+01:00 REQUEST:
{"mode":"think","self":{"field":[0,0,0,0,0,0,0,0,0,0,0,0,0,0,0,0,0,0,0,0,0,0,0,0,0,0,0,0,0,0,0,0,0,0,0,0,0,0,0,0,0,0,0,0,0,0,0,0,0,0,0,0,0,0,0,0,0,0,0,0,0,0,0,0,0,0,0,0,0,0,0,0],"queue":[[2,1],[1,2]]},"options":{"mode":"build"}}

2025-11-25T12:29:08+01:00 REQUEST:
{"mode":"think","self":{"field":[0,0,0,0,0,0,0,0,0,0,0,0,0,0,0,0,0,0,0,0,0,0,0,0,0,0,0,0,0,0,0,0,0,0,0,0,0,0,0,0,0,0,0,0,0,0,0,0,0,0,0,0,0,0,0,0,0,0,0,0,0,0,1,0,0,0,0,0,4,0,0,0],"queue":[[3,1],[4,4]]},"options":{"mode":"build"}}

2025-11-25T12:29:11+01:00 REQUEST:
{"mode":"think","self":{"field":[0,0,0,0,0,0,0,0,0,0,0,0,0,0,0,0,0,0,0,0,0,0,0,0,0,0,0,0,0,0,0,0,0,0,0,0,0,0,0,0,0,0,0,0,0,0,0,0,0,0,2,0,0,0,0,0,1,0,0,0,0,0,1,0,0,0,0,0,4,0,0,0],"queue":[[4,3],[1,1]]},"options":{"mode":"build"}}

2025-11-25T12:29:13+01:00 REQUEST:
{"mode":"think","self":{"field":[0,0,0,0,0,0,0,0,0,0,0,0,0,0,0,0,0,0,0,0,0,0,0,0,0,0,0,0,0,0,0,0,0,0,0,0,0,0,4,0,0,0,0,0,4,0,0,0,0,0,2,0,0,0,0,0,1,0,0,0,0,0,1,0,0,0,0,0,4,0,0,0],"queue":[[1,2],[1,2]]},"options":{"mode":"build"}}

2025-11-25T12:29:14+01:00 REQUEST:
{"mode":"think","self":{"field":[0,0,0,0,0,0,0,0,0,0,0,0,0,0,0,0,0,0,0,0,0,0,0,0,0,0,1,0,0,0,0,0,1,0,0,0,0,0,4,0,0,0,0,0,4,0,0,0,0,0,2,0,0,0,0,0,1,0,0,0,0,0,1,0,0,0,0,0,4,0,0,0],"queue":[[1,3],[2,3]]},"options":{"mode":"build"}}

2025-11-25T12:29:14+01:00 REQUEST:
{"mode":"think","self":{"field":[0,0,0,0,0,0,0,0,0,0,0,0,0,0,2,0,0,0,0,0,1,0,0,0,0,0,1,0,0,0,0,0,1,0,0,0,0,0,4,0,0,0,0,0,4,0,0,0,0,0,2,0,0,0,0,0,1,0,0,0,0,0,1,0,0,0,0,0,4,0,0,0],"queue":[[3,2],[4,2]]},"options":{"mode":"build"}}

2025-11-25T12:29:15+01:00 REQUEST:
{"mode":"think","self":{"field":[0,0,3,0,0,0,0,0,2,0,0,0,0,0,2,0,0,0,0,0,1,0,0,0,0,0,1,0,0,0,0,0,1,0,0,0,0,0,4,0,0,0,0,0,4,0,0,0,0,0,2,0,0,0,0,0,1,0,0,0,0,0,1,0,0,0,0,0,4,0,0,0],"queue":[[3,2],[4,2]]},"options":{"mode":"build"}}

2025-11-25T12:29:16+01:00 REQUEST:
{"mode":"think","self":{"field":[0,0,3,0,0,0,0,0,2,0,0,0,0,0,2,0,0,0,0,0,1,0,0,0,0,0,1,0,0,0,0,0,1,0,0,0,0,0,4,0,0,0,0,0,4,0,0,0,0,0,2,0,0,0,0,0,1,0,0,0,0,0,1,0,0,0,0,0,4,0,0,0],"queue":[[4,2]]},"options":{"mode":"build"}}

2025-11-25T12:29:19+01:00 REQUEST:
{"mode":"think","self":{"field":[0,0,3,0,0,0,0,0,2,0,0,0,0,0,2,0,0,0,0,0,1,0,0,0,0,0,1,0,0,0,0,0,1,0,0,0,0,0,4,0,0,0,0,0,4,0,0,0,0,0,2,0,0,0,0,0,1,0,0,0,0,0,1,0,0,0,0,0,4,0,0,0],"queue":[]},"options":{"mode":"build"}}

2025-11-25T12:29:35+01:00 REQUEST:


2025-11-25T12:29:35+01:00 REQUEST:


2025-11-25T12:29:35+01:00 REQUEST:


2025-11-25T12:29:35+01:00 REQUEST:


2025-11-25T12:29:35+01:00 REQUEST:


2025-11-25T12:29:35+01:00 REQUEST:


2025-11-25T12:29:35+01:00 REQUEST:


2025-11-25T12:29:35+01:00 REQUEST:


2025-11-25T12:29:35+01:00 REQUEST:


2025-11-25T12:29:35+01:00 REQUEST:


2025-11-25T12:29:35+01:00 REQUEST:


2025-11-25T12:29:35+01:00 REQUEST:


2025-11-25T12:29:35+01:00 REQUEST:


2025-11-25T12:29:35+01:00 REQUEST:


2025-11-25T12:29:36+01:00 REQUEST:


2025-11-25T12:29:36+01:00 REQUEST:


2025-11-25T12:29:36+01:00 REQUEST:


2025-11-25T12:29:36+01:00 REQUEST:


2025-11-25T12:29:36+01:00 REQUEST:


2025-11-25T12:29:36+01:00 REQUEST:


2025-11-25T12:29:36+01:00 REQUEST:


2025-11-25T12:29:36+01:00 REQUEST:


2025-11-25T12:29:36+01:00 REQUEST:


2025-11-25T12:29:39+01:00 REQUEST:
{"mode":"think","self":{"field":[0,0,0,0,0,0,0,0,0,0,0,0,0,0,0,0,0,0,0,0,0,0,0,0,0,0,0,0,0,0,0,0,0,0,0,0,0,0,0,0,0,0,0,0,0,0,0,0,0,0,0,0,0,0,0,0,0,0,0,0,0,0,0,0,0,0,0,0,0,0,0,0],"queue":[[2,3],[1,1],[null,null],[null,null]]},"options":{"mode":"build"}}

2025-11-25T12:29:41+01:00 REQUEST:
{"mode":"think","self":{"field":[0,0,0,0,0,0,0,0,0,0,0,0,0,0,0,0,0,0,0,0,0,0,0,0,0,0,0,0,0,0,0,0,0,0,0,0,0,0,0,0,0,0,0,0,0,0,0,0,0,0,0,0,0,0,0,0,0,0,0,0,0,0,2,0,0,0,0,0,1,0,0,0],"queue":[[1,4],[3,4],[null,null],[null,null]]},"options":{"mode":"build"}}

2025-11-25T12:29:42+01:00 REQUEST:
{"mode":"think","self":{"field":[0,0,0,0,0,0,0,0,0,0,0,0,0,0,0,0,0,0,0,0,0,0,0,0,0,0,0,0,0,0,0,0,0,0,0,0,0,0,0,0,0,0,0,0,0,0,0,0,0,0,1,0,0,0,0,0,1,0,0,0,0,0,2,0,0,0,0,0,1,0,0,0],"queue":[[2,2],[1,3],[null,null],[null,null]]},"options":{"mode":"build"}}

2025-11-25T12:29:43+01:00 REQUEST:
{"mode":"think","self":{"field":[0,0,0,0,0,0,0,0,0,0,0,0,0,0,0,0,0,0,0,0,0,0,0,0,0,0,0,0,0,0,0,0,0,0,0,0,0,0,4,0,0,0,0,0,3,0,0,0,0,0,1,0,0,0,0,0,1,0,0,0,0,0,2,0,0,0,0,0,1,0,0,0],"queue":[[1,4],[1,1],[null,null],[null,null]]},"options":{"mode":"build"}}

2025-11-25T12:29:44+01:00 REQUEST:
{"mode":"think","self":{"field":[0,0,0,0,0,0,0,0,0,0,0,0,0,0,0,0,0,0,0,0,0,0,0,0,0,0,3,0,0,0,0,0,1,0,0,0,0,0,4,0,0,0,0,0,3,0,0,0,0,0,1,0,0,0,0,0,1,0,0,0,0,0,2,0,0,0,0,0,1,0,0,0],"queue":[[4,1],[2,3],[null,null],[null,null]]},"options":{"mode":"build"}}

2025-11-25T12:29:45+01:00 REQUEST:
{"mode":"think","self":{"field":[0,0,0,0,0,0,0,0,0,0,0,0,0,0,1,0,0,0,0,0,1,0,0,0,0,0,3,0,0,0,0,0,1,0,0,0,0,0,4,0,0,0,0,0,3,0,0,0,0,0,1,0,0,0,0,0,1,0,0,0,0,0,2,0,0,0,0,0,1,0,0,0],"queue":[[2,2],[4,1],[null,null],[null,null]]},"options":{"mode":"build"}}

2025-11-25T12:29:46+01:00 REQUEST:
{"mode":"think","self":{"field":[0,0,3,0,0,0,0,0,2,0,0,0,0,0,1,0,0,0,0,0,1,0,0,0,0,0,3,0,0,0,0,0,1,0,0,0,0,0,4,0,0,0,0,0,3,0,0,0,0,0,1,0,0,0,0,0,1,0,0,0,0,0,2,0,0,0,0,0,1,0,0,0],"queue":[[2,2],[4,1],[null,null],[null,null]]},"options":{"mode":"build"}}

2025-11-25T12:29:52+01:00 REQUEST:
{"mode":"think","self":{"field":[0,0,0,0,0,0,0,0,0,0,0,0,0,0,0,0,0,0,0,0,0,0,0,0,0,0,0,0,0,0,0,0,0,0,0,0,0,0,0,0,0,0,0,0,0,0,0,0,0,0,0,0,0,0,0,0,0,0,0,0,0,0,0,0,0,0,0,0,0,0,0,0],"queue":[[1,4],[3,4]]},"options":{"mode":"build"}}

2025-11-25T12:29:53+01:00 REQUEST:
{"mode":"think","self":{"field":[0,0,0,0,0,0,0,0,0,0,0,0,0,0,0,0,0,0,0,0,0,0,0,0,0,0,0,0,0,0,0,0,0,0,0,0,0,0,0,0,0,0,0,0,0,0,0,0,0,0,0,0,0,0,0,0,0,0,0,0,0,0,3,0,0,0,0,0,4,0,0,0],"queue":[[4,3],[3,2]]},"options":{"mode":"build"}}

2025-11-25T12:29:56+01:00 REQUEST:
{"mode":"think","self":{"field":[0,0,0,0,0,0,0,0,0,0,0,0,0,0,0,0,0,0,0,0,0,0,0,0,0,0,0,0,0,0,0,0,0,0,0,0,0,0,0,0,0,0,0,0,0,0,0,0,0,0,4,0,0,0,0,0,3,0,0,0,0,0,3,0,0,0,0,0,4,0,0,0],"queue":[[3,2],[3,1]]},"options":{"mode":"build"}}

2025-11-25T12:30:00+01:00 REQUEST:
{"mode":"think","self":{"field":[0,0,0,0,0,0,0,0,0,0,0,0,0,0,0,0,0,0,0,0,0,0,0,0,0,0,0,0,0,0,0,0,0,0,0,0,0,0,2,0,0,0,0,0,3,0,0,0,0,0,4,0,0,0,0,0,3,0,0,0,0,0,3,0,0,0,0,0,4,0,0,0],"queue":[[4,4],[3,2]]},"options":{"mode":"build"}}

2025-11-25T12:30:01+01:00 REQUEST:
{"mode":"think","self":{"field":[0,0,0,0,0,0,0,0,0,0,0,0,0,0,0,0,0,0,0,0,0,0,0,0,0,0,1,0,0,0,0,0,3,0,0,0,0,0,2,0,0,0,0,0,3,0,0,0,0,0,4,0,0,0,0,0,3,0,0,0,0,0,3,0,0,0,0,0,4,0,0,0],"queue":[[3,4],[2,1]]},"options":{"mode":"build"}}

2025-11-25T12:30:02+01:00 REQUEST:
{"mode":"think","self":{"field":[0,0,0,0,0,0,0,0,0,0,0,0,0,0,2,0,0,0,0,0,3,0,0,0,0,0,1,0,0,0,0,0,3,0,0,0,0,0,2,0,0,0,0,0,3,0,0,0,0,0,4,0,0,0,0,0,3,0,0,0,0,0,3,0,0,0,0,0,4,0,0,0],"queue":[[2,3],[4,4]]},"options":{"mode":"build"}}

2025-11-25T12:30:06+01:00 REQUEST:
{"mode":"think","self":{"field":[0,0,0,0,0,0,0,0,0,0,0,0,0,0,0,0,0,0,0,0,0,0,0,0,0,0,0,0,0,0,0,0,0,0,0,0,0,0,0,0,0,0,0,0,0,0,0,0,0,0,0,0,0,0,0,0,0,0,0,0,0,0,0,0,0,0,0,0,0,0,0,0],"queue":[[2,3],[1,3]]},"options":{"mode":"build"}}

2025-11-25T12:36:33+01:00 REQUEST:
{"mode":"think","self":{"field":[0,0,0,0,0,0,0,0,0,0,0,0,0,0,0,0,0,0,0,0,0,0,0,0,0,0,0,0,0,0,0,0,0,0,0,0,0,0,0,0,0,0,0,0,0,0,0,0,0,0,0,0,0,0,0,0,0,0,0,0,0,0,0,0,0,0,0,0,0,0,0,0],"queue":[[3,3],[3,4]]},"options":{"mode":"build"}}

2025-11-25T12:36:41+01:00 REQUEST:
{"mode":"think","self":{"field":[0,0,0,0,0,0,0,0,0,0,0,0,0,0,0,0,0,0,0,0,0,0,0,0,0,0,0,0,0,0,0,0,0,0,0,0,0,0,0,0,0,0,0,0,0,0,0,0,0,0,0,0,0,0,0,0,0,0,0,0,0,0,2,0,0,0,0,0,4,0,0,0],"queue":[[4,3],[2,2]]},"options":{"mode":"build"}}

2025-11-25T12:36:44+01:00 REQUEST:
{"mode":"think","self":{"field":[0,0,0,0,0,0,0,0,0,0,0,0,0,0,0,0,0,0,0,0,0,0,0,0,0,0,0,0,0,0,0,0,0,0,0,0,0,0,0,0,0,0,0,0,0,0,0,0,0,0,4,0,0,0,0,0,3,0,0,0,0,0,2,0,0,0,0,0,4,0,0,0],"queue":[[3,3],[1,2]]},"options":{"mode":"build"}}

2025-11-25T12:36:46+01:00 REQUEST:
{"mode":"think","self":{"field":[0,0,0,0,0,0,0,0,0,0,0,0,0,0,0,0,0,0,0,0,0,0,0,0,0,0,0,0,0,0,0,0,0,0,0,0,0,0,2,0,0,0,0,0,2,0,0,0,0,0,4,0,0,0,0,0,3,0,0,0,0,0,2,0,0,0,0,0,4,0,0,0],"queue":[[4,1],[1,1]]},"options":{"mode":"build"}}

2025-11-25T12:36:48+01:00 REQUEST:
{"mode":"think","self":{"field":[0,0,0,0,0,0,0,0,0,0,0,0,0,0,0,0,0,0,0,0,0,0,0,0,0,0,2,0,0,0,0,0,1,0,0,0,0,0,2,0,0,0,0,0,2,0,0,0,0,0,4,0,0,0,0,0,3,0,0,0,0,0,2,0,0,0,0,0,4,0,0,0],"queue":[[4,1],[1,2]]},"options":{"mode":"build"}}

2025-11-25T12:36:50+01:00 REQUEST:
{"mode":"think","self":{"field":[0,0,0,0,0,0,0,0,0,0,0,0,0,0,1,0,0,0,0,0,1,0,0,0,0,0,2,0,0,0,0,0,1,0,0,0,0,0,2,0,0,0,0,0,2,0,0,0,0,0,4,0,0,0,0,0,3,0,0,0,0,0,2,0,0,0,0,0,4,0,0,0],"queue":[[1,3],[4,1]]},"options":{"mode":"build"}}

2025-11-25T12:36:53+01:00 REQUEST:
{"mode":"think","self":{"field":[0,0,0,0,0,0,0,0,0,0,0,0,0,0,0,0,0,0,0,0,0,0,0,0,0,0,0,0,0,0,0,0,0,0,0,0,0,0,0,0,0,0,0,0,0,0,0,0,0,0,0,0,0,0,0,0,0,0,0,0,0,0,0,0,0,0,0,0,0,0,0,0],"queue":[[1,4],[2,4]]},"options":{"mode":"build"}}

2025-11-25T12:36:55+01:00 REQUEST:
{"mode":"think","self":{"field":[0,0,0,0,0,0,0,0,0,0,0,0,0,0,0,0,0,0,0,0,0,0,0,0,0,0,0,0,0,0,0,0,0,0,0,0,0,0,0,0,0,0,0,0,0,0,0,0,0,0,0,0,0,0,0,0,0,0,0,0,0,0,4,0,0,0,0,0,3,0,0,0],"queue":[[2,3],[4,4]]},"options":{"mode":"build"}}

2025-11-25T12:36:59+01:00 REQUEST:
{"mode":"think","self":{"field":[0,0,0,0,0,0,0,0,0,0,0,0,0,0,0,0,0,0,0,0,0,0,0,0,0,0,0,0,0,0,0,0,0,0,0,0,0,0,0,0,0,0,0,0,0,0,0,0,0,0,0,0,0,0,0,0,0,0,0,0,0,0,0,0,0,0,0,0,0,0,0,0],"queue":[[4,1],[4,3]]},"options":{"mode":"build"}}

